{
    "V0H0He0": {
        "energy_opt": 4.420144250616431e-10,
        "xyz_opt": [
            [],
            [],
            []
        ],
        "strain_tensor": [
            [
                -5.599432061710356e-10,
                7.037656996199501e-18,
                3.218086810562241e-18
            ],
            [
                7.037656996199501e-18,
                -5.599431905729333e-10,
                -4.4102197894683896e-18
            ],
            [
                3.218086810562241e-18,
                -4.4102197894683896e-18,
                -5.599432173125372e-10
            ]
        ],
        "relaxation_volume": -1.1665851966784751e-06
    },
    "V0H1He0": {
        "energy_opt": 0.7955385035283107,
        "xyz_opt": [
            [],
            [
                [
                    3.499308234052557,
                    3.2493512869726096,
                    2.9993639128321488
                ]
            ],
            []
        ],
        "strain_tensor": [
            [
                -1.310639262242001e-09,
                0.0001719101939272613,
                0.00017191019178676724
            ],
            [
                0.0001719101939272613,
                -9.256518360530704e-10,
                0.00017191019002420305
            ],
            [
                0.00017191019178676724,
                0.00017191019002420305,
                -5.483425281488825e-10
            ]
        ],
        "relaxation_volume": 0.1246024723502697
    },
    "V0H2He0": {
        "energy_opt": 1.422578385859917,
        "xyz_opt": [
            [],
            [
                [
                    3.499306741900776,
                    3.270359780776195,
                    2.999298576228117
                ],
                [
                    3.4993071165722234,
                    3.7282542473787768,
                    2.999298718999854
                ]
            ],
            []
        ],
        "strain_tensor": [
            [
                2.41368304897998e-09,
                -1.5941569207064026e-05,
                -7.615150149328462e-06
            ],
            [
                -1.5941569207064026e-05,
                1.7737479422714143e-09,
                -1.5956367218505117e-05
            ],
            [
                -7.615150149328462e-06,
                -1.5956367218505117e-05,
                -7.663351250604112e-09
            ]
        ],
        "relaxation_volume": 0.26899253955041935
    },
    "V0H3He0": {
        "energy_opt": 2.1430768828574287,
        "xyz_opt": [
            [],
            [
                [
                    3.4834684316451288,
                    3.252996682328961,
                    3.0268106345771493
                ],
                [
                    3.4834684223156573,
                    3.745615770661485,
                    3.0268106431105357
                ],
                [
                    3.0444935076130055,
                    3.4993062359501095,
                    3.235631030378295
                ]
            ],
            []
        ],
        "strain_tensor": [
            [
                9.054416517347508e-10,
                4.757717101254764e-05,
                -6.429107367678318e-05
            ],
            [
                4.757717101254764e-05,
                5.761930917098773e-09,
                -7.178368823123951e-05
            ],
            [
                -6.429107367678318e-05,
                -7.178368823123951e-05,
                1.081494464922662e-08
            ]
        ],
        "relaxation_volume": 0.3830691836031614
    },
    "V0H4He0": {
        "energy_opt": 2.7115812839016,
        "xyz_opt": [
            [],
            [
                [
                    3.4840427954618467,
                    3.2475500682305545,
                    2.9997380414192634
                ],
                [
                    3.484042852712684,
                    3.7510604394324947,
                    2.999737926311771
                ],
                [
                    3.015196929436787,
                    3.499305369916896,
                    3.2514979355188833
                ],
                [
                    3.0151984635364837,
                    3.4993054828342465,
                    2.7479856879478572
                ]
            ],
            []
        ],
        "strain_tensor": [
            [
                9.328433757141718e-09,
                -3.0438137852073227e-06,
                5.041925370865802e-05
            ],
            [
                -3.0438137852073227e-06,
                -8.103859339143466e-09,
                -0.00012234908622259518
            ],
            [
                5.041925370865802e-05,
                -0.00012234908622259518,
                -8.360081396153453e-09
            ]
        ],
        "relaxation_volume": 0.5228988950789963
    },
    "V0H5He0": {
        "energy_opt": 3.496163499222785,
        "xyz_opt": [
            [],
            [
                [
                    3.484329286307497,
                    3.2481218768266933,
                    3.0044675119158506
                ],
                [
                    3.484329356050641,
                    3.750486489218204,
                    3.004467538508243
                ],
                [
                    3.0183496526348086,
                    3.4993043246807547,
                    3.253667755117244
                ],
                [
                    3.0150146260890995,
                    3.499304291942807,
                    2.7490218689539208
                ],
                [
                    4.230168389200804,
                    3.4993041303663475,
                    3.9927993903376
                ]
            ],
            []
        ],
        "strain_tensor": [
            [
                1.4725638524502539e-08,
                7.373016328270628e-06,
                -8.608765163700432e-05
            ],
            [
                7.373016328270628e-06,
                -6.182502328247888e-09,
                -0.0001546522065347556
            ],
            [
                -8.608765163700432e-05,
                -0.0001546522065347556,
                9.31875152499221e-09
            ]
        ],
        "relaxation_volume": 0.6688078050741373
    },
    "V0H6He0": {
        "energy_opt": 4.2461963753406735,
        "xyz_opt": [
            [],
            [
                [
                    3.484212100382869,
                    3.247647347700892,
                    2.9991612907797105
                ],
                [
                    3.4842121002448994,
                    3.7509590618493505,
                    2.999161290843888
                ],
                [
                    3.0198007460117675,
                    3.499303204848465,
                    3.2549939081936348
                ],
                [
                    3.015605393671083,
                    3.499303204907689,
                    2.7489933325806004
                ],
                [
                    4.26262689984,
                    3.4993032051106923,
                    3.9574908733749536
                ],
                [
                    3.956543124740496,
                    3.4993032051124873,
                    4.261418150653827
                ]
            ],
            []
        ],
        "strain_tensor": [
            [
                -1.1126115375096408e-08,
                -0.00014219099884615457,
                -0.000123560850894898
            ],
            [
                -0.00014219099884615457,
                -2.833362372164755e-09,
                0.00012929501481432856
            ],
            [
                -0.000123560850894898,
                0.00012929501481432856,
                5.314782826938738e-09
            ]
        ],
        "relaxation_volume": 0.7541008623113444
    },
    "V0H0He1": {
        "energy_opt": 6.678921747065033,
        "xyz_opt": [
            [],
            [],
            [
                [
                    3.2492930664380015,
                    3.499308234958123,
                    3.9993496683180387
                ]
            ]
        ],
        "strain_tensor": [
            [
                -3.3717285942716567e-09,
                7.543840067030701e-10,
                9.169620820697589e-10
            ],
            [
                7.543840067030701e-10,
                4.669847403522028e-09,
                8.92060721475539e-10
            ],
            [
                9.169620820697589e-10,
                8.92060721475539e-10,
                -5.666242471338275e-09
            ]
        ],
        "relaxation_volume": 0.5621428175325561
    },
    "V0H0He2": {
        "energy_opt": 12.435964311725911,
        "xyz_opt": [
            [],
            [],
            [
                [
                    3.2341084542573357,
                    3.511609906440921,
                    3.9582208542866013
                ],
                [
                    3.0118593137277956,
                    3.733850415599759,
                    3.53982523314853
                ]
            ]
        ],
        "strain_tensor": [
            [
                1.055118204385856e-09,
                -0.00015415708991316942,
                8.353395833710877e-05
            ],
            [
                -0.00015415708991316942,
                -1.59557958554911e-08,
                0.00015405661629859011
            ],
            [
                8.353395833710877e-05,
                0.00015405661629859011,
                1.3681771747162053e-09
            ]
        ],
        "relaxation_volume": 0.9171822720475609
    },
    "V0H0He3": {
        "energy_opt": 17.743116817508053,
        "xyz_opt": [
            [],
            [],
            [
                [
                    3.2118277148001173,
                    3.4993718219653807,
                    3.948258818588036
                ],
                [
                    3.0007521860047204,
                    3.749183139727473,
                    3.519266913379137
                ],
                [
                    2.999751492334542,
                    3.2485245336654125,
                    3.5197137372494374
                ]
            ]
        ],
        "strain_tensor": [
            [
                -4.85223761854297e-06,
                -0.000162042377966257,
                -0.00016216220356817472
            ],
            [
                -0.000162042377966257,
                -4.763344646447902e-07,
                0.00018537191198639337
            ],
            [
                -0.00016216220356817472,
                0.00018537191198639337,
                4.8831233287228315e-06
            ]
        ],
        "relaxation_volume": 1.266250054069727
    },
    "V0H0He4": {
        "energy_opt": 22.868861127238233,
        "xyz_opt": [
            [],
            [],
            [
                [
                    3.2561039782282837,
                    3.499326400735833,
                    3.957026553692581
                ],
                [
                    2.9994115071734884,
                    3.756015098637734,
                    3.5412377932913697
                ],
                [
                    2.999403110892813,
                    3.2426185713025966,
                    3.5412467758109707
                ],
                [
                    2.7427100433644913,
                    3.4993172060379814,
                    3.95702766251703
                ]
            ]
        ],
        "strain_tensor": [
            [
                4.531299166442525e-07,
                -0.0002792800129549786,
                -0.0003501717002619968
            ],
            [
                -0.0002792800129549786,
                4.394274662012212e-07,
                4.429680735538095e-05
            ],
            [
                -0.0003501717002619968,
                4.429680735538095e-05,
                4.6583368989849785e-07
            ]
        ],
        "relaxation_volume": 1.6083402992774245
    },
    "V0H0He5": {
        "energy_opt": 27.828325117552595,
        "xyz_opt": [
            [],
            [],
            [
                [
                    3.2570094505738107,
                    3.547092298675825,
                    3.9311175809453833
                ],
                [
                    2.745332192461295,
                    3.9309194615436422,
                    3.5458614568741225
                ],
                [
                    2.9997061988750575,
                    3.454605921413415,
                    3.4566940977025395
                ],
                [
                    2.745192226373818,
                    3.54513704749955,
                    3.931697949879805
                ],
                [
                    3.2566134805906954,
                    3.9305808911280344,
                    3.5442275769092597
                ]
            ]
        ],
        "strain_tensor": [
            [
                1.3074981170765479e-06,
                -0.0003141392883038783,
                -0.00019476795144246568
            ],
            [
                -0.0003141392883038783,
                4.8226464015248575e-06,
                0.0002845127511669286
            ],
            [
                -0.00019476795144246568,
                0.0002845127511669286,
                -1.5252471968424343e-06
            ]
        ],
        "relaxation_volume": 1.973086666496122
    },
    "V0H0He6": {
        "energy_opt": 32.96811226979662,
        "xyz_opt": [
            [],
            [],
            [
                [
                    3.4072031494599595,
                    3.756337179449561,
                    3.9637292017803394
                ],
                [
                    2.783533922455465,
                    3.927692073876247,
                    3.555646144502775
                ],
                [
                    3.061194546919413,
                    3.3907485447364927,
                    3.5403541426948935
                ],
                [
                    2.873544239595401,
                    3.557946768019584,
                    3.970275264754493
                ],
                [
                    3.267816377622489,
                    3.9311279640690335,
                    3.5071949168311556
                ],
                [
                    3.433074909979429,
                    3.272255154671618,
                    3.9518317873290836
                ]
            ]
        ],
        "strain_tensor": [
            [
                -2.014650441606442e-05,
                -0.00020011561825419817,
                -0.00019894835652566956
            ],
            [
                -0.00020011561825419817,
                -6.22527352278713e-05,
                0.0004959082201359238
            ],
            [
                -0.00019894835652566956,
                0.0004959082201359238,
                1.658260305279902e-05
            ]
        ],
        "relaxation_volume": 2.375667161966859
    },
    "V1H0He0": {
        "energy_opt": 3.6322490125571534,
        "xyz_opt": [
            [],
            [],
            []
        ],
        "strain_tensor": [
            [
                -8.5863879994678e-09,
                3.125783266902468e-17,
                2.5640993302153124e-17
            ],
            [
                3.125783266902468e-17,
                4.341960784072253e-08,
                1.7150432089318718e-17
            ],
            [
                2.5640993302153124e-17,
                1.7150432089318718e-17,
                -1.570359366948215e-08
            ]
        ],
        "relaxation_volume": -0.3226102944004023
    },
    "V1H1He0": {
        "energy_opt": 3.19504429185452,
        "xyz_opt": [
            [],
            [
                [
                    3.498943410374556,
                    3.813965778441992,
                    3.499308234052548
                ]
            ],
            []
        ],
        "strain_tensor": [
            [
                3.565812508038244e-08,
                2.672442115591419e-17,
                1.7816321155119923e-17
            ],
            [
                2.672442115591419e-17,
                -6.777708962588366e-09,
                2.0418880241650537e-17
            ],
            [
                1.7816321155119923e-17,
                2.0418880241650537e-17,
                -7.799371138262154e-09
            ]
        ],
        "relaxation_volume": -0.3462334440749336
    },
    "V1H2He0": {
        "energy_opt": 2.6417508863699153,
        "xyz_opt": [
            [],
            [
                [
                    3.499669399099521,
                    3.797972186743915,
                    3.525935377849669
                ],
                [
                    3.4996700815300152,
                    3.525666386218073,
                    3.7982413962269557
                ]
            ],
            []
        ],
        "strain_tensor": [
            [
                9.132430550055875e-09,
                1.510696878341473e-10,
                1.0704582751172884e-13
            ],
            [
                1.510696878341473e-10,
                -2.8155750637052077e-09,
                9.491254392388357e-11
            ],
            [
                1.0704582751172884e-13,
                9.491254392388357e-11,
                -1.0967936064388684e-09
            ]
        ],
        "relaxation_volume": -0.22573796302902172
    },
    "V1H3He0": {
        "energy_opt": 2.4623997258551498,
        "xyz_opt": [
            [],
            [
                [
                    3.1707937001494018,
                    3.4816405089486753,
                    3.4809181595811514
                ],
                [
                    3.51852915086268,
                    3.481641085213973,
                    3.8286552738387516
                ],
                [
                    3.518527467774617,
                    3.82937942872573,
                    3.480920884948013
                ]
            ],
            []
        ],
        "strain_tensor": [
            [
                -1.391114591766616e-09,
                -1.6505493788853834e-11,
                -1.0328351393269198e-13
            ],
            [
                -1.6505493788853834e-11,
                -4.62275688738863e-09,
                -7.591604638609063e-10
            ],
            [
                -1.0328351393269198e-13,
                -7.591604638609063e-10,
                -8.72714497343199e-09
            ]
        ],
        "relaxation_volume": -0.2561228184837547
    },
    "V1H4He0": {
        "energy_opt": 2.2783736099709753,
        "xyz_opt": [
            [],
            [
                [
                    3.165030813038032,
                    3.468575578181026,
                    3.46893325144414
                ],
                [
                    3.499608825984668,
                    3.4562793562882606,
                    3.852882965695302
                ],
                [
                    3.4996085537268633,
                    3.852525060176686,
                    3.456648597835198
                ],
                [
                    3.8341866571101675,
                    3.468575824450519,
                    3.468932889513078
                ]
            ],
            []
        ],
        "strain_tensor": [
            [
                -2.6107006597321906e-08,
                -1.55795963267185e-10,
                6.784995874408572e-06
            ],
            [
                -1.55795963267185e-10,
                1.7711069929829112e-08,
                -6.200785380940471e-10
            ],
            [
                6.784995874408572e-06,
                -6.200785380940471e-10,
                -3.3137675046260773e-10
            ]
        ],
        "relaxation_volume": -0.19989232757795428
    },
    "V1H5He0": {
        "energy_opt": 2.2989565629486286,
        "xyz_opt": [
            [],
            [
                [
                    3.4989497975344865,
                    3.4503373312977033,
                    3.1327148738632635
                ],
                [
                    3.4989396077286723,
                    3.4503259173202805,
                    3.867344856375868
                ],
                [
                    3.4989470567092202,
                    3.8678774517225896,
                    3.5000342245491676
                ],
                [
                    3.866259441486623,
                    3.4503289106030546,
                    3.5000349302565943
                ],
                [
                    3.1316292784960513,
                    3.4503369942982043,
                    3.5000256013274815
                ]
            ],
            []
        ],
        "strain_tensor": [
            [
                4.303374743258624e-06,
                1.824584520553043e-08,
                -8.247358309292894e-09
            ],
            [
                1.824584520553043e-08,
                8.55007537932368e-05,
                2.9649255220448362e-05
            ],
            [
                -8.247358309292894e-09,
                2.9649255220448362e-05,
                -5.604511262104056e-06
            ]
        ],
        "relaxation_volume": -0.182052154548575
    },
    "V1H6He0": {
        "energy_opt": 2.608234664556093,
        "xyz_opt": [
            [],
            [
                [
                    3.5000257874776572,
                    3.499914057821429,
                    3.1281731239729513
                ],
                [
                    3.5000257874553355,
                    3.4999140575370964,
                    3.8704437930182447
                ],
                [
                    3.3532315407544773,
                    3.8815681785883878,
                    3.499308458383694
                ],
                [
                    3.6468157810633874,
                    3.118259630597016,
                    3.4993084582699003
                ],
                [
                    3.118370105477098,
                    3.353120174571927,
                    3.49930845839235
                ],
                [
                    3.8816786944322326,
                    3.646708585266949,
                    3.4993084583383283
                ]
            ],
            []
        ],
        "strain_tensor": [
            [
                -9.230775487895255e-08,
                -1.9938036696869564e-08,
                -2.1865020963755977e-10
            ],
            [
                -1.9938036696869564e-08,
                3.2939658978826384e-06,
                9.493678413092502e-10
            ],
            [
                -2.1865020963755977e-10,
                9.493678413092502e-10,
                -6.699081929969077e-07
            ]
        ],
        "relaxation_volume": 0.01648903429954339
    },
    "V1H0He1": {
        "energy_opt": 4.927721298131914,
        "xyz_opt": [
            [],
            [],
            [
                [
                    3.4993082340525583,
                    3.4993082340525463,
                    3.4990911365483726
                ]
            ]
        ],
        "strain_tensor": [
            [
                6.831312312415378e-10,
                3.5581069413153296e-17,
                3.0278564844453696e-17
            ],
            [
                3.5581069413153296e-17,
                -4.161674621564385e-09,
                2.5483112057493018e-17
            ],
            [
                3.0278564844453696e-17,
                2.5483112057493018e-17,
                1.4861324755172023e-08
            ]
        ],
        "relaxation_volume": -0.16999166124929183
    },
    "V1H0He2": {
        "energy_opt": 8.254265206568093,
        "xyz_opt": [
            [],
            [],
            [
                [
                    3.3368262561025457,
                    3.3344043982727176,
                    3.4964922749414353
                ],
                [
                    3.6625152865361716,
                    3.665666210587405,
                    3.502123434312845
                ]
            ]
        ],
        "strain_tensor": [
            [
                -2.2413032389660293e-08,
                3.477497117908804e-05,
                7.008755664075249e-06
            ],
            [
                3.477497117908804e-05,
                -5.574182583604433e-08,
                7.0082187431425175e-06
            ],
            [
                7.008755664075249e-06,
                7.0082187431425175e-06,
                1.3964205623265686e-07
            ]
        ],
        "relaxation_volume": 0.09427247452315256
    },
    "V1H0He3": {
        "energy_opt": 11.813709704191282,
        "xyz_opt": [
            [],
            [],
            [
                [
                    3.3074077814407654,
                    3.3072652388038533,
                    3.498932006316685
                ],
                [
                    3.7299927884169746,
                    3.4903689432363154,
                    3.6815852434892116
                ],
                [
                    3.4909341901226556,
                    3.7305141245212883,
                    3.3188258326027427
                ]
            ]
        ],
        "strain_tensor": [
            [
                1.8837119114425436e-07,
                4.2420627972502304e-05,
                4.659494824197217e-06
            ],
            [
                4.2420627972502304e-05,
                3.462965008156852e-07,
                -4.761855151004503e-06
            ],
            [
                4.659494824197217e-06,
                -4.761855151004503e-06,
                -1.4701666669152694e-07
            ]
        ],
        "relaxation_volume": 0.26770805100854045
    },
    "V1H0He4": {
        "energy_opt": 15.392544606886517,
        "xyz_opt": [
            [],
            [],
            [
                [
                    3.4986931070873935,
                    3.241371543255005,
                    3.317328037157649
                ],
                [
                    3.756387374007359,
                    3.4994206710540388,
                    3.6816840255501924
                ],
                [
                    3.4986952205545525,
                    3.757112921779756,
                    3.316930997274989
                ],
                [
                    3.2406456225267166,
                    3.499418173837629,
                    3.6812851371990294
                ]
            ]
        ],
        "strain_tensor": [
            [
                -4.1615136875617584e-05,
                4.7337831890137704e-06,
                1.0508288669084191e-05
            ],
            [
                4.7337831890137704e-06,
                3.203586921201083e-05,
                -7.431894834414454e-06
            ],
            [
                1.0508288669084191e-05,
                -7.431894834414454e-06,
                -5.891115394110025e-05
            ]
        ],
        "relaxation_volume": 0.6463540095010477
    },
    "V1H0He5": {
        "energy_opt": 19.695969919108833,
        "xyz_opt": [
            [],
            [],
            [
                [
                    3.451671169167099,
                    3.224141871082426,
                    3.3509087963892723
                ],
                [
                    3.6602300639197414,
                    3.499304752281102,
                    3.7824609984947806
                ],
                [
                    3.451672369164697,
                    3.774469184799379,
                    3.350908955705476
                ],
                [
                    3.1628746802991663,
                    3.4993046144938926,
                    3.6739247360601324
                ],
                [
                    3.8767149265590297,
                    3.4993051312753187,
                    3.314966973873884
                ]
            ]
        ],
        "strain_tensor": [
            [
                -3.978562474225379e-08,
                -5.118047088143768e-10,
                2.7733428752014635e-09
            ],
            [
                -5.118047088143768e-10,
                3.3734084682014825e-08,
                -6.490075671598238e-07
            ],
            [
                2.7733428752014635e-09,
                -6.490075671598238e-07,
                -3.1575620106707876e-08
            ]
        ],
        "relaxation_volume": 0.801682466921716
    },
    "V1H0He6": {
        "energy_opt": 23.63909282467874,
        "xyz_opt": [
            [],
            [],
            [
                [
                    3.5015907129071366,
                    3.124296810607853,
                    3.49987178952116
                ],
                [
                    3.674834661790317,
                    3.5009208631698736,
                    3.8274855482805457
                ],
                [
                    3.4966010852755383,
                    3.873586673059651,
                    3.4979452389554333
                ],
                [
                    3.1705359568715314,
                    3.4968542716071274,
                    3.6746066485972855
                ],
                [
                    3.827655471057863,
                    3.501029036525451,
                    3.3232105304485486
                ],
                [
                    3.323357196333965,
                    3.4969621646998035,
                    3.1703315117076616
                ]
            ]
        ],
        "strain_tensor": [
            [
                -7.46966118274544e-08,
                1.1497466513051315e-06,
                8.560425349559257e-07
            ],
            [
                1.1497466513051315e-06,
                -7.392569090138461e-08,
                -7.087948242211814e-07
            ],
            [
                8.560425349559257e-07,
                -7.087948242211814e-07,
                -6.767797493144376e-07
            ]
        ],
        "relaxation_volume": 1.1311589160259437
    },
    "V2H0He0": {
        "energy_opt": 7.174428984852028,
        "xyz_opt": [
            [],
            [],
            []
        ],
        "strain_tensor": [
            [
                3.831537855598508e-09,
                3.2602569855379183e-05,
                3.2602542337011546e-05
            ],
            [
                3.2602569855379183e-05,
                -1.072320653962064e-08,
                3.260256555599016e-05
            ],
            [
                3.2602542337011546e-05,
                3.260256555599016e-05,
                6.482794028879717e-09
            ]
        ],
        "relaxation_volume": -0.7078193771232371
    },
    "V2H1He0": {
        "energy_opt": 6.416158726013114,
        "xyz_opt": [
            [],
            [
                [
                    3.8723952015238066,
                    3.6259705747365927,
                    3.7491824333593478
                ]
            ],
            []
        ],
        "strain_tensor": [
            [
                5.635997313078167e-10,
                3.282528363522354e-05,
                3.282528053094209e-05
            ],
            [
                3.282528363522354e-05,
                -1.3264286433065922e-08,
                3.28252823945931e-05
            ],
            [
                3.282528053094209e-05,
                3.28252823945931e-05,
                1.1747302321936586e-08
            ]
        ],
        "relaxation_volume": -0.7213426170843272
    },
    "V2H2He0": {
        "energy_opt": 5.253576846553879,
        "xyz_opt": [
            [],
            [
                [
                    3.8737088435529525,
                    3.624680657899628,
                    3.749196410823642
                ],
                [
                    3.6243103224144853,
                    3.8740796934842674,
                    3.749195901336145
                ]
            ],
            []
        ],
        "strain_tensor": [
            [
                -1.0520738464132309e-08,
                8.561950542862683e-05,
                -5.017448519993977e-06
            ],
            [
                8.561950542862683e-05,
                3.918390250498358e-09,
                -5.039953940678324e-06
            ],
            [
                -5.017448519993977e-06,
                -5.039953940678324e-06,
                -6.585141976076766e-09
            ]
        ],
        "relaxation_volume": -0.47947291401104947
    },
    "V2H3He0": {
        "energy_opt": 5.034413871002158,
        "xyz_opt": [
            [],
            [
                [
                    3.891028183765915,
                    3.6147150629726266,
                    3.7748732120734827
                ],
                [
                    3.7652983074863102,
                    3.909831630990231,
                    3.6228286933525085
                ],
                [
                    3.1648671074507084,
                    3.4934836241807714,
                    3.498466376010788
                ]
            ],
            []
        ],
        "strain_tensor": [
            [
                -6.967226160320729e-09,
                -7.72528041969128e-05,
                8.366396455254793e-05
            ],
            [
                -7.72528041969128e-05,
                1.1093871181935403e-08,
                8.366405447146438e-05
            ],
            [
                8.366396455254793e-05,
                8.366405447146438e-05,
                2.7860393053293094e-09
            ]
        ],
        "relaxation_volume": -0.4456068937611082
    },
    "V2H4He0": {
        "energy_opt": 4.744998411968075,
        "xyz_opt": [
            [],
            [
                [
                    3.924895857510833,
                    3.644134576367944,
                    3.7984826508402745
                ],
                [
                    3.7740772478600224,
                    3.919336742073602,
                    3.627836582576595
                ],
                [
                    3.180193808269663,
                    3.462948267088398,
                    3.499085498779945
                ],
                [
                    3.440874757351276,
                    3.1808435356026883,
                    3.479523419474722
                ]
            ],
            []
        ],
        "strain_tensor": [
            [
                -1.9404271690122668e-08,
                1.869538336203738e-05,
                9.524919337316748e-05
            ],
            [
                1.869538336203738e-05,
                6.5815363725582634e-09,
                1.8697816736317175e-05
            ],
            [
                9.524919337316748e-05,
                1.8697816736317175e-05,
                -4.861331627899546e-09
            ]
        ],
        "relaxation_volume": -0.3262987481053529
    },
    "V2H5He0": {
        "energy_opt": 4.568057984697088,
        "xyz_opt": [
            [],
            [
                [
                    3.9224041822063156,
                    3.6279007247883976,
                    3.7496989449345928
                ],
                [
                    3.75733335540117,
                    3.9205475565337937,
                    3.6141693124641816
                ],
                [
                    3.1759925896528487,
                    3.4628228627491735,
                    3.494290354063763
                ],
                [
                    3.4318844707753824,
                    3.174951835751349,
                    3.47222083423236
                ],
                [
                    4.003654179353883,
                    4.011827673548618,
                    4.33952665465518
                ]
            ],
            []
        ],
        "strain_tensor": [
            [
                8.310402157523644e-09,
                9.848959776326978e-05,
                -1.75272920681026e-05
            ],
            [
                9.848959776326978e-05,
                -1.074148429142663e-09,
                5.599821557422675e-05
            ],
            [
                -1.75272920681026e-05,
                5.599821557422675e-05,
                -7.767544243323242e-10
            ]
        ],
        "relaxation_volume": -0.31612084196404033
    },
    "V2H6He0": {
        "energy_opt": 4.345326046453323,
        "xyz_opt": [
            [],
            [
                [
                    3.9133717351811734,
                    3.6076593389601155,
                    3.748191439172957
                ],
                [
                    3.7498784561325635,
                    3.891359719500135,
                    3.5846982001605654
                ],
                [
                    3.1693007176700165,
                    3.4600478193670186,
                    3.4897097662797023
                ],
                [
                    3.423556439225647,
                    3.168989175059183,
                    3.4644489330861243
                ],
                [
                    4.008357479247539,
                    4.038965020152999,
                    4.328770127388821
                ],
                [
                    4.033616384415428,
                    4.330028505397163,
                    4.074519306616082
                ]
            ],
            []
        ],
        "strain_tensor": [
            [
                -9.190742900222525e-09,
                7.43882481450522e-05,
                0.00015869316020191093
            ],
            [
                7.43882481450522e-05,
                1.358931822399319e-08,
                7.439599469447671e-05
            ],
            [
                0.00015869316020191093,
                7.439599469447671e-05,
                6.720223425128073e-09
            ]
        ],
        "relaxation_volume": -0.19134156207633857
    },
    "V2H0He1": {
        "energy_opt": 8.139670904338317,
        "xyz_opt": [
            [],
            [],
            [
                [
                    3.9334587485648758,
                    3.932728856437435,
                    3.9334587491213537
                ]
            ]
        ],
        "strain_tensor": [
            [
                7.394313764519177e-09,
                -5.261022693278675e-05,
                -5.260315241062101e-05
            ],
            [
                -5.261022693278675e-05,
                4.826300333713037e-09,
                -5.260345290702854e-05
            ],
            [
                -5.260315241062101e-05,
                -5.260345290702854e-05,
                -1.4947497824365165e-08
            ]
        ],
        "relaxation_volume": -0.5279189097295823
    },
    "V2H0He2": {
        "energy_opt": 9.074328196774303,
        "xyz_opt": [
            [],
            [],
            [
                [
                    3.9363233088696234,
                    3.9370514126879654,
                    3.9391108961269583
                ],
                [
                    3.561182380185274,
                    3.5619083612867346,
