{
    "V0H0He0": {
        "energy_opt": 2.662090992089361e-09,
        "xyz_opt": [
            [],
            [],
            []
        ],
        "strain_tensor": [
            [
                9.373624118289969e-08,
                1.6951837679519883e-17,
                -6.001850860503624e-18
            ],
            [
                1.6951837679519883e-17,
                9.37362411928745e-08,
                -4.1720038094636296e-17
            ],
            [
                -6.001850860503624e-18,
                -4.1720038094636296e-17,
                9.373624120204891e-08
            ]
        ],
        "relaxation_volume": 0.000192909129458652
    },
    "V0H1He0": {
        "energy_opt": 0.7959601028559482,
        "xyz_opt": [
            [],
            [
                [
                    3.7492588221991667,
                    3.499308234052556,
                    0.9998023525864443
                ]
            ],
            []
        ],
        "strain_tensor": [
            [
                2.5496976052968576e-05,
                1.1420477674883061e-18,
                -1.3146045459382912e-17
            ],
            [
                1.1420477674883061e-18,
                8.599533880527743e-05,
                -4.126758373512086e-17
            ],
            [
                -1.3146045459382912e-17,
                -4.126758373512086e-17,
                8.599533880532884e-05
            ]
        ],
        "relaxation_volume": 0.13547649184691382
    },
    "V0H2He0": {
        "energy_opt": 1.4239661346653447,
        "xyz_opt": [
            [],
            [
                [
                    3.728293990964834,
                    3.499307229180831,
                    0.9998020705964897
                ],
                [
                    3.270320323360952,
                    3.499307227724327,
                    0.999802070481998
                ]
            ],
            []
        ],
        "strain_tensor": [
            [
                3.272911553796777e-05,
                1.587451944766652e-12,
                -4.2714882928194753e-13
            ],
            [
                1.587451944766652e-12,
                0.00010432553111319814,
                1.419076399196538e-16
            ],
            [
                -4.2714882928194753e-13,
                1.419076399196538e-16,
                0.00020975003916835031
            ]
        ],
        "relaxation_volume": 0.2379079467465719
    },
    "V0H3He0": {
        "energy_opt": 2.1463878338360587,
        "xyz_opt": [
            [],
            [
                [
                    3.7456363942223554,
                    3.483522806219609,
                    0.9720506405719282
                ],
                [
                    3.2529760541821244,
                    3.4835228086314403,
                    0.972050643676893
                ],
                [
                    3.499306225987026,
                    3.0443423257040876,
                    0.7631943683468557
                ]
            ],
            []
        ],
        "strain_tensor": [
            [
                0.00020187820597596242,
                -7.189000027098655e-12,
                1.3796494956736956e-11
            ],
            [
                -7.189000027098655e-12,
                0.00023121468535789165,
                -0.00014311025334747695
            ],
            [
                1.3796494956736956e-11,
                -0.00014311025334747695,
                0.00013582454711794035
            ]
        ],
        "relaxation_volume": 0.3902772516771135
    },
    "V0H4He0": {
        "energy_opt": 2.7187575196363323,
        "xyz_opt": [
            [],
            [
                [
                    3.751073112358988,
                    3.484230761356103,
                    0.9993782231307918
                ],
                [
                    3.2475373222106447,
                    3.4842307613561334,
                    0.9993782234197455
                ],
                [
                    3.4993052175161425,
                    3.0152420223528185,
                    0.7476103320390547
                ],
                [
                    3.499305217218619,
                    3.01524202424408,
                    1.2511461215256285
                ]
            ],
            []
        ],
        "strain_tensor": [
            [
                0.0001661108302521131,
                -2.53779038342496e-14,
                6.087453264050183e-13
            ],
            [
                -2.53779038342496e-14,
                0.00047366955390661407,
                -3.070261649582716e-12
            ],
            [
                6.087453264050183e-13,
                -3.070261649582716e-12,
                0.00016611083573584408
            ]
        ],
        "relaxation_volume": 0.5528412194695268
    },
    "V0H5He0": {
        "energy_opt": 3.5111371241805323,
        "xyz_opt": [
            [],
            [
                [
                    3.7508656979342923,
                    3.4842242685058245,
                    0.9978633702787888
                ],
                [
                    3.2477427217253596,
                    3.48422426769216,
                    0.9978633704908888
                ],
                [
                    3.4993042028943604,
                    3.0180798503354778,
                    0.7457125521625825
                ],
                [
                    3.4993042032058326,
                    3.0148942035839434,
                    1.2504455915501926
                ],
                [
                    3.4993042124453027,
                    3.9947674531729747,
                    6.7655732012704295
                ]
            ],
            []
        ],
        "strain_tensor": [
            [
                0.0003000019087737635,
                5.6852273432861075e-12,
                1.6322984117175806e-12
            ],
            [
                5.6852273432861075e-12,
                0.0005146210958886545,
                1.7862210925560427e-05
            ],
            [
                1.6322984117175806e-12,
                1.7862210925560427e-05,
                0.00017667157436149168
            ]
        ],
        "relaxation_volume": 0.6800278876258313
    },
    "V0H6He0": {
        "energy_opt": 4.261173825965102,
        "xyz_opt": [
            [],
            [
                [
                    3.750993648780778,
                    3.484460204686396,
                    0.9998734512984491
                ],
                [
                    3.2476127662350103,
                    3.484460205445341,
                    0.9998734514647851
                ],
                [
                    3.499303207793199,
                    3.0199127276915263,
                    0.7440317895450891
                ],
                [
                    3.4993032088462197,
                    3.0156307212611666,
                    1.2500947096227788
                ],
                [
                    3.499303206782836,
                    3.955992732269595,
                    6.736496104638479
                ],
                [
                    3.499303205727519,
                    4.262670280122761,
                    0.04204732205781324
                ]
            ],
            []
        ],
        "strain_tensor": [
            [
                0.0003042817830487723,
                1.9230157906787327e-12,
                -2.8734507576516623e-12
            ],
            [
                1.9230157906787327e-12,
                0.0005727953006203791,
                0.00015628030678856695
            ],
            [
                -2.8734507576516623e-12,
                0.00015628030678856695,
                0.00032732971515918427
            ]
        ],
        "relaxation_volume": 0.8262228287941319
    },
    "V0H0He1": {
        "energy_opt": 6.2083153789944845,
        "xyz_opt": [
            [],
            [],
            [
                [
                    3.499308234052555,
                    3.999209410345778,
                    0.24995058814608256
                ]
            ]
        ],
        "strain_tensor": [
            [
                0.00026702465611477556,
                2.082766430983625e-17,
                -4.404638866885326e-17
            ],
            [
                2.082766430983625e-17,
                0.00026702465611405754,
                -5.2114044158973877e-17
            ],
            [
                -4.404638866885326e-17,
                -5.2114044158973877e-17,
                1.1456309361036166e-05
            ]
        ],
        "relaxation_volume": 0.3742167498818002
    },
    "V0H0He2": {
        "energy_opt": 11.876997548270992,
        "xyz_opt": [
            [],
            [],
            [
                [
                    3.4718817929544685,
                    3.9792476455547967,
                    0.3675220516466988
                ],
                [
                    3.026275871914045,
                    3.6381077455093536,
                    0.5009452535920665
                ]
            ]
        ],
        "strain_tensor": [
            [
                0.000452132771776651,
                -0.0001671630177504312,
                2.2589229337906088e-05
            ],
            [
                -0.0001671630177504312,
                0.0003971404814751291,
                5.461534203614792e-06
            ],
            [
                2.2589229337906088e-05,
                5.461534203614792e-06,
                0.0002253564121583738
            ]
        ],
        "relaxation_volume": 0.7371957406127353
    },
    "V0H0He3": {
        "energy_opt": 17.34910682024747,
        "xyz_opt": [
            [],
            [],
            [
                [
                    3.4182266369668843,
                    3.9874610944234354,
                    0.4997103839466758
                ],
                [
                    3.0109602384432126,
                    3.580194871218703,
                    0.4997094801135736
                ],
                [
                    2.8930020964509087,
                    4.1054194780495905,
                    0.4997103922272512
                ]
            ]
        ],
        "strain_tensor": [
            [
                0.0006328105522791631,
                -0.00011428136884603116,
                3.1090022281787433e-10
            ],
            [
                -0.00011428136884603116,
                0.0006328102008597531,
                -3.109232522003221e-10
            ],
            [
                3.1090022281787433e-10,
                -3.109232522003221e-10,
                0.0005331126286012885
            ]
        ],
        "relaxation_volume": 1.2339307486088416
    },
    "V0H0He4": {
        "energy_opt": 22.360461429007046,
        "xyz_opt": [
            [],
            [],
            [
                [
                    3.391136831287769,
                    3.998373450916777,
                    0.49990291167271916
                ],
                [
                    2.9998739042916984,
                    3.607110454216399,
                    0.4998969093390568
                ],
                [
                    2.9998739002715373,
                    4.389636439103483,
                    0.4998968955640549
                ],
                [
                    2.608610977410813,
                    3.998373452769464,
                    0.49990291524795066
                ]
            ]
        ],
        "strain_tensor": [
            [
                0.0008154023764607089,
                1.923886405511165e-12,
                -2.6606267822905287e-12
            ],
            [
                1.923886405511165e-12,
                0.0008154024025242437,
                -1.2625898896916248e-11
            ],
            [
                -2.6606267822905287e-12,
                -1.2625898896916248e-11,
                0.0005881275864297328
            ]
        ],
        "relaxation_volume": 1.5221871693511426
    },
    "V0H0He5": {
        "energy_opt": 27.735493029779718,
        "xyz_opt": [
            [],
            [],
            [
                [
                    3.410766618994528,
                    3.981464550107676,
                    0.4785063248631292
                ],
                [
                    3.0171417719340226,
                    3.5878397305479166,
                    0.47850634141734244
                ],
                [
                    3.005890621110712,
                    4.37617120504142,
                    0.49779498461763094
                ],
                [
                    2.622435092151692,
                    3.992715702311436,
                    0.49779447134913407
                ],
                [
                    3.417416400965722,
                    3.5811900099268774,
                    0.04970383053484194
                ]
            ]
        ],
        "strain_tensor": [
            [
                0.0009105254496545012,
                2.459224730404855e-05,
                0.00020822016716390453
            ],
            [
                2.459224730404855e-05,
                0.0009105255576572482,
                -0.00020822022865219267
            ],
            [
                0.00020822016716390453,
                -0.00020822022865219267,
                0.0009511739137356584
            ]
        ],
        "relaxation_volume": 1.9017457544656717
    },
    "V0H0He6": {
        "energy_opt": 32.8818856988546,
        "xyz_opt": [
            [],
            [],
            [
                [
                    3.4218681745299917,
                    3.9730312032104145,
                    0.4568567455884506
                ],
                [
                    2.997649177460465,
                    3.537305280462728,
                    0.07379434501198952
                ],
                [
                    3.005655083278597,
                    4.341674417820838,
                    0.5653834892927923
                ],
                [
                    2.606719932681625,
                    3.983034199882681,
                    0.44999208937494595
                ],
                [
                    3.5125761297679294,
                    3.5814365781760924,
                    0.0471380317723659
                ],
                [
                    3.0127730415565352,
                    3.641319758052027,
                    0.5692212295924989
                ]
            ]
        ],
        "strain_tensor": [
            [
                0.0009839984433895183,
                1.0811676095772131e-05,
                0.0001588328833465152
            ],
            [
                1.0811676095772131e-05,
                0.0011894883425723497,
                -0.0004316722758243834
            ],
            [
                0.0001588328833465152,
                -0.0004316722758243834,
                0.0010879879141197696
            ]
        ],
        "relaxation_volume": 2.2373710073402036
    },
    "V1H0He0": {
        "energy_opt": 3.634539843487609,
        "xyz_opt": [
            [],
            [],
            []
        ],
        "strain_tensor": [
            [
                -0.00015953470610309344,
                -1.3224623872835122e-17,
                -4.8912750873431515e-17
            ],
            [
                -1.3224623872835122e-17,
                -0.00015953470610308843,
                -3.557763745552806e-17
            ],
            [
                -4.8912750873431515e-17,
                -3.557763745552806e-17,
                -0.00015953470610311296
            ]
        ],
        "relaxation_volume": -0.3283223316961598
    },
    "V1H1He0": {
        "energy_opt": 3.196618996567563,
        "xyz_opt": [
            [],
            [
                [
                    3.499308234052555,
                    3.184520325264818,
                    0.49953681952700685
                ]
            ],
            []
        ],
        "strain_tensor": [
            [
                -0.00012098340408512677,
                -1.1248097391347323e-17,
                -2.5057744196181257e-17
            ],
            [
                -1.1248097391347323e-17,
                -0.0001529146700837348,
                -1.0076699435645782e-11
            ],
            [
                -2.5057744196181257e-17,
                -1.0076699435645782e-11,
                -0.0001209834018261388
            ]
        ],
        "relaxation_volume": -0.27088861541829695
    },
    "V1H2He0": {
        "energy_opt": 2.6429037106523365,
        "xyz_opt": [
            [],
            [
                [
                    3.4725955870640783,
                    3.2006145737485436,
                    0.4995365972847149
                ],
                [
                    3.200345026217556,
                    3.472865124309352,
                    0.4995366429475235
                ]
            ],
            []
        ],
        "strain_tensor": [
            [
                -0.0001297888783893225,
                1.8454073775036827e-05,
                4.414683130461924e-11
            ],
            [
                1.8454073775036827e-05,
                -0.00012978887707500316,
                9.50226337040261e-12
            ],
            [
                4.414683130461924e-11,
                9.50226337040261e-12,
                -7.592666368252019e-05
            ]
        ],
        "relaxation_volume": -0.2301559660158881
    },
    "V1H3He0": {
        "energy_opt": 2.4637869291095527,
        "xyz_opt": [
            [],
            [
                [
                    3.5176724609305277,
                    3.1703205701475787,
                    0.5180127351764122
                ],
                [
                    3.1699564844945254,
                    3.5180365449688997,
                    0.5180127374532334
                ],
                [
                    3.517672460912365,
                    3.518036548406487,
                    0.17029676326789628
                ]
            ],
            []
        ],
        "strain_tensor": [
            [
                -0.00012352033077259137,
                -9.829776045693184e-07,
                -9.829781802422658e-07
            ],
            [
                -9.829776045693184e-07,
                -0.00012352033115567472,
                -9.829781475650525e-07
            ],
            [
                -9.829781802422658e-07,
                -9.829781475650525e-07,
                -0.00012352033389654798
            ]
        ],
        "relaxation_volume": -0.2542047707709646
    },
    "V1H4He0": {
        "energy_opt": 2.2792704204333614,
        "xyz_opt": [
            [],
            [
                [
                    3.5416342447556324,
                    3.145748739941581,
                    0.5002005651700513
                ],
                [
                    3.145384375050144,
                    3.5419986332972377,
                    0.5002005660966566
                ],
                [
                    3.5292705020806623,
                    3.529634867754807,
                    0.16559951806415132
                ],
                [
                    3.529270496647934,
                    3.5296348601111474,
                    0.8348016213184711
                ]
            ],
            []
        ],
        "strain_tensor": [
            [
                -7.710632665274362e-05,
                -6.510649838977862e-06,
                -2.6678447531025267e-12
            ],
            [
                -6.510649838977862e-06,
                -7.710631124223518e-05,
                -1.3272611679888882e-12
            ],
            [
                -2.6678447531025267e-12,
                -1.3272611679888882e-12,
                -0.00013924901628290992
            ]
        ],
        "relaxation_volume": -0.20131463745748826
    },
    "V1H5He0": {
        "energy_opt": 2.299260495224434,
        "xyz_opt": [
            [],
            [
                [
                    3.5486340434936143,
                    3.1323588215570033,
                    0.4999023340052239
                ],
                [
                    3.131095028238042,
                    3.4996661728096408,
                    0.4999023433882387
                ],
                [
                    3.5486340685538167,
                    3.499666181811052,
                    0.13259499248271323
                ],
                [
                    3.548634072910214,
                    3.49966616656324,
                    0.8672096908688774
                ],
                [
                    3.5486340729493917,
                    3.866973519032481,
                    0.49990234961572216
                ]
            ],
            []
        ],
        "strain_tensor": [
            [
                -4.89962644277656e-05,
                1.0992556827408725e-11,
                3.1338888551277527e-13
            ],
            [
                1.0992556827408725e-11,
                -6.197800253106406e-05,
                -9.501313007011124e-15
            ],
            [
                3.1338888551277527e-13,
                -9.501313007011124e-15,
                -6.197801629779029e-05
            ]
        ],
        "relaxation_volume": -0.11864523253912289
    },
    "V1H6He0": {
        "energy_opt": 2.6085328856299057,
        "xyz_opt": [
            [],
            [
                [
                    3.8807864225541326,
                    3.351944293302658,
                    0.4999004687598299
                ],
                [
                    3.117325459016085,
                    3.645220454429244,
                    0.49990046876375194
                ],
                [
                    3.4990559400348116,
                    3.4985823718637286,
                    0.12880942043636773
                ],
                [
                    3.4990559400333736,
                    3.4985823718573026,
                    0.8709915170898147
                ],
                [
                    3.645694021849018,
                    3.8803128543286567,
                    0.49990046876043615
                ],
                [
                    3.352417859170049,
                    3.1168518909014886,
                    0.4999004687682795
                ]
            ],
            []
        ],
        "strain_tensor": [
            [
                -8.513557275668068e-05,
                2.1608115737159884e-13,
                -8.986421198176167e-15
            ],
            [
                2.1608115737159884e-13,
                -8.513557344105773e-05,
                1.605111220383147e-15
            ],
            [
                -8.986421198176167e-15,
                1.605111220383147e-15,
                0.00011006722193808147
            ]
        ],
        "relaxation_volume": -0.04129988028522508
    },
    "V1H0He1": {
        "energy_opt": 5.2574785516697276,
        "xyz_opt": [
            [],
            [],
            [
                [
                    3.499308234052555,
                    3.499308234052555,
                    0.4999011762932224
                ]
            ]
        ],
        "strain_tensor": [
            [
                -0.00013429625922759447,
                -1.3428998597443449e-17,
                -4.7680875663502626e-17
            ],
            [
                -1.3428998597443449e-17,
                -0.00013429625922755528,
                3.670268155292784e-18
            ],
            [
                -4.7680875663502626e-17,
                3.670268155292784e-18,
                -0.00013429625922758116
            ]
        ],
        "relaxation_volume": -0.27638162281237744
    },
    "V1H0He2": {
        "energy_opt": 8.793850766595632,
        "xyz_opt": [
            [],
            [],
            [
                [
                    3.6410320675188976,
                    3.6410320675188976,
                    0.35817618296860215
                ],
                [
                    3.35685472588704,
                    3.35685472588704,
                    0.6423535409894944
                ]
            ]
        ],
        "strain_tensor": [
            [
                -1.9683602976977306e-05,
                0.00015340711450444173,
                -0.0001534071326174175
            ],
            [
                0.00015340711450444173,
                -1.9683602976966756e-05,
                -0.00015340713261741113
            ],
            [
                -0.0001534071326174175,
                -0.00015340713261741113,
                -1.9683617833578444e-05
            ]
        ],
        "relaxation_volume": -0.040508853586523605
    },
    "V1H0He3": {
        "energy_opt": 12.45619209903797,
        "xyz_opt": [
            [],
            [],
            [
                [
                    3.6421432419743023,
                    3.659012130608294,
                    0.29561900592435925
                ],
                [
                    3.6421434267028845,
                    3.295385762363565,
                    0.6592456842557789
                ],
                [
                    3.2222047058186294,
                    3.5612733665209806,
                    0.561506852059923
                ]
            ]
        ],
        "strain_tensor": [
            [
                0.00019617148983813382,
                -8.90555100486353e-05,
                -8.905525413036529e-05
            ],
            [
                -8.90555100486353e-05,
                8.027179356796089e-05,
                -0.00026327656138670904
            ],
            [
                -8.905525413036529e-05,
                -0.00026327656138670904,
                8.027201366829865e-05
            ]
        ],
        "relaxation_volume": 0.2447066241320278
    },
    "V1H0He4": {
        "energy_opt": 16.264535688728564,
        "xyz_opt": [
            [],
            [],
            [
                [
                    3.5536517957153153,
                    3.8181775608233086,
                    0.44559078114112316
                ],
                [
                    3.553651795947237,
                    3.4449968214045947,
                    0.8187715201008141
                ],
                [
                    3.1804710518939454,
                    3.444996823676128,
                    0.44559078323270945
                ],
                [
                    3.678947562526174,
                    3.3197010526712245,
                    0.32029501169030067
                ]
            ]
        ],
        "strain_tensor": [
            [
                0.000277365631294121,
                -4.9878290256108454e-05,
                -4.987829061509281e-05
            ],
            [
                -4.9878290256108454e-05,
                0.0002773655992192226,
                4.987828338903724e-05
            ],
            [
                -4.987829061509281e-05,
                4.987828338903724e-05,
                0.00027736559914061213
            ]
        ],
        "relaxation_volume": 0.5708182626469126
    },
    "V1H0He5": {
        "energy_opt": 20.50650787962858,
        "xyz_opt": [
            [],
            [],
            [
                [
                    3.498535523044593,
                    3.8810552749001817,
                    0.4589603158357485
                ],
                [
                    3.49853552251397,
                    3.4989863765473257,
                    0.8533477574953489
                ],
                [
                    3.1590731249366026,
                    3.4989863743838527,
                    0.43587164459009803
                ],
                [
                    3.8379979217747993,
                    3.498986374093635,
                    0.43587164569998904
                ],
                [
                    3.498535522684525,
                    3.1169174740444836,
                    0.4589603203468388
                ]
            ]
        ],
        "strain_tensor": [
            [
                0.0005849573149610634,
                -1.710833262770078e-13,
                2.2216337045174993e-12
            ],
            [
                -1.710833262770078e-13,
                0.000536596112111062,
                -9.428970603752029e-13
            ],
            [
                2.2216337045174993e-12,
                -9.428970603752029e-13,
                0.0003509623224786416
            ]
        ],
        "relaxation_volume": 1.0101455166321691
    },
    "V1H0He6": {
        "energy_opt": 24.082671674004622,
        "xyz_opt": [
            [],
            [],
            [
                [
                    3.498574195370161,
                    3.8808025154957786,
                    0.5001080992079412
                ],
                [
                    3.4985741953702445,
                    3.498939175317036,
                    0.8819714393866913
                ],
                [
                    3.4985741953702045,
                    3.4989391753170347,
                    0.11824475902920181
                ],
                [
                    3.8804375355488676,
                    3.4989391753171915,
                    0.5001080992079238
                ],
                [
                    3.4985741953702645,
                    3.117075835138325,
                    0.5001080992079295
                ],
                [
                    3.1167108551915685,
                    3.498939175317011,
                    0.5001080992079733
                ]
            ]
        ],
        "strain_tensor": [
            [
                0.0006581548414643352,
                -9.859494500307396e-17,
                -1.1618782882571066e-17
            ],
            [
                -9.859494500307396e-17,
                0.0006581548414643084,
                -3.264030923649864e-17
            ],
            [
                -1.1618782882571066e-17,
                -3.264030923649864e-17,
                0.000658154841465473
            ]
        ],
        "relaxation_volume": 1.3544822781518384
    },
    "V2H0He0": {
        "energy_opt": 7.185478905076323,
        "xyz_opt": [
            [],
            [],
            []
        ],
        "strain_tensor": [
            [
                -0.0003503311537220812,
                3.074212364749314e-05,
                3.0742123647550686e-05
            ],
            [
                3.074212364749314e-05,
                -0.0003503311537220418,
                3.074212364749711e-05
            ],
            [
                3.0742123647550686e-05,
                3.074212364749711e-05,
                -0.00035033115372206015
            ]
        ],
        "relaxation_volume": -0.7209813091171582
    },
    "V2H1He0": {
        "energy_opt": 6.42483774171294,
        "xyz_opt": [
            [],
            [
                [
                    3.625679934901235,
                    3.872837709497098,
                    0.7498517644398335
                ]
            ],
            []
        ],
        "strain_tensor": [
            [
                -0.0003099172120004442,
                -1.6156000388325967e-05,
                5.965042674146497e-05
            ],
            [
                -1.6156000388325967e-05,
                -0.0003099172120004156,
                5.965042674147621e-05
            ],
            [
                5.965042674146497e-05,
                5.965042674147621e-05,
                -0.00031215721665031447
            ]
        ],
        "relaxation_volume": -0.6393460834830857
    },
    "V2H2He0": {
        "energy_opt": 5.259416232233316,
        "xyz_opt": [
            [],
            [
                [
                    3.624776759399232,
                    3.873738728478539,
                    0.7498515414271381
                ],
                [
                    3.874107049208592,
                    3.6244084378024266,
                    0.7498515504518325
                ]
            ],
            []
        ],
        "strain_tensor": [
            [
                -0.00025922590045819556,
                -6.604672365586461e-05,
                7.949710782684104e-05
            ],
            [
                -6.604672365586461e-05,
                -0.00025922589909575556,
                7.949709942984657e-05
            ],
            [
                7.949710782684104e-05,
                7.949709942984657e-05,
                -0.0002478404646695592
            ]
        ],
        "relaxation_volume": -0.5256763436122455
    },
    "V2H3He0": {
        "energy_opt": 5.038115393399735,
        "xyz_opt": [
            [],
            [
                [
                    3.5890453323113873,
                    3.7331332362849614,
                    0.8759840382045347
                ],
                [
                    3.884205211596384,
                    3.607291090474417,
                    0.7243308332448287
                ],
                [
                    4.005361169312774,
                    4.333839444278575,
                    1.0001828998388693
                ]
            ],
            []
        ],
        "strain_tensor": [
            [
                -0.00020696423206015377,
                2.046008117488874e-05,
                -1.880447893437819e-05
            ],
            [
                2.046008117488874e-05,
                -0.00019316895278380795,
                8.263218408534464e-05
            ],
            [
                -1.880447893437819e-05,
                8.263218408534464e-05,
                -0.00020879851944367555
            ]
        ],
        "relaxation_volume": -0.4177270302263315
    },
    "V2H4He0": {
        "energy_opt": 4.7480630350766315,
        "xyz_opt": [
            [],
            [
                [
                    3.579366293485452,
                    3.72497448626871,
                    0.8710032759035653
                ],
                [
                    3.8547999368105152,
                    3.573849869430769,
                    0.7012179713646999
                ],
                [
                    4.036110187624141,
                    4.318808356500086,
                    0.999668486044657
                ],
                [
                    4.318178038135162,
                    4.058300412690911,
                    1.019299645385986
                ]
            ],
            []
        ],
        "strain_tensor": [
            [
                -0.00020356393295011265,
                5.3008100560393533e-05,
                -2.8104931944576435e-05
            ],
            [
                5.3008100560393533e-05,
                -0.00016323309159512326,
                7.97734943408451e-05
            ],
            [
                -2.8104931944576435e-05,
                7.97734943408451e-05,
                -0.00018597530894733037
            ]
        ],
        "relaxation_volume": -0.37920171282797344
    },
    "V2H5He0": {
        "energy_opt": 4.5695943750698085,
        "xyz_opt": [
            [],
            [
                [
                    3.578641139795758,
                    3.741508768060937,
                    0.8853588414666699
                ],
                [
                    3.8712140816336316,
                    3.5763800575239855,
                    0.7499826580275
                ],
                [
                    4.036566362060221,
                    4.322936845920994,
                    1.0051756963399894
                ],
                [
                    4.324354257614789,
                    4.067124684250821,
                    1.0272446899900038
                ],
                [
                    3.487354125341526,
                    3.4952219537794114,
                    0.15977070382632133
                ]
            ],
            []
        ],
        "strain_tensor": [
            [
                -0.00016504725785426656,
                4.771292326171403e-05,
                3.04972473831211e-05
            ],
            [
                4.771292326171403e-05,
                -0.00011155739924773146,
                0.00011110539087288576
            ],
            [
                3.04972473831211e-05,
                0.00011110539087288576,
                -0.00011295599880723822
            ]
        ],
        "relaxation_volume": -0.2672385338785371
    },
    "V2H6He0": {
        "energy_opt": 4.346184517515169,
        "xyz_opt": [
            [],
            [
                [
                    3.607853574730243,
                    3.748512707111214,
                    0.9140677924862889
                ],
                [
                    3.8915280410041087,
                    3.5850872883488205,
                    0.750642373576009
                ],
                [
                    4.039307178073835,
                    4.329246800621156,
                    1.0090415332878804
                ],
                [
                    4.3303197249144825,
                    4.075084036164319,
                    1.0343015148637371
                ],
                [
                    3.460074437534847,
                    3.4901135474358638,
                    0.16990828016050472
                ],
                [
                    3.169061890778792,
                    3.4648535659299347,
                    0.42407104471654106
                ]
            ],
            []
        ],
        "strain_tensor": [
            [
                -0.00015435778944141517,
                7.374865209795816e-05,
                7.37486519961961e-05
            ],
            [
                7.374865209795816e-05,
                -6.456610211401725e-05,
                0.00015841928867852667
            ],
            [
                7.37486519961961e-05,
                0.00015841928867852667,
                -6.456610200402299e-05
            ]
        ],
        "relaxation_volume": -0.19447408022055485
    },
    "V2H0He1": {
        "energy_opt": 8.581537202776943,
        "xyz_opt": [
            [],
            [],
            [
                [
                    3.748894122329375,
                    3.7481643059686665,
                    0.7494870645700417
                ]
            ]
        ],
        "strain_tensor": [
            [
                -0.0002953226752633354,
                2.9286885929979057e-06,
                2.9287304436712385e-06
            ],
            [
                2.9286885929979057e-06,
                -0.00029532268462491567,
                2.92868859296241e-06
            ],
            [
                2.9287304436712385e-06,
                2.92868859296241e-06,
                -0.00029532267526334035
            ]
        ],
        "relaxation_volume": -0.6077738990980734
    },
    "V2H0He2": {
        "energy_opt": 10.163175464621034,
        "xyz_opt": [
            [],
            [],
            [
                [
                    3.968050150605676,
                    3.967320361083732,
                    0.9686439570862289
                ],
