{
    "V0H0He0": {
        "energy_opt": -3.1013769330456853e-10,
        "xyz_opt": [
            [],
            [],
            []
        ],
        "strain_tensor": [
            [
                -3.18034588367474e-12,
                -5.001653786967687e-18,
                5.008541121353221e-18
            ],
            [
                -5.001653786967687e-18,
                -2.5323587337447014e-12,
                3.254822951279864e-17
            ],
            [
                5.008541121353221e-18,
                3.254822951279864e-17,
                -2.6322778739010653e-12
            ]
        ],
        "relaxation_volume": 5.795174625546274e-09
    },
    "V0H1He0": {
        "energy_opt": 0.7955440902814153,
        "xyz_opt": [
            [],
            [
                [
                    2.999956699980134,
                    3.249993484953181,
                    2.499913730060144
                ]
            ],
            []
        ],
        "strain_tensor": [
            [
                3.156733712639946e-07,
                1.001562858483842e-14,
                1.3854173661501989e-17
            ],
            [
                1.001562858483842e-14,
                5.584880489056314e-07,
                -2.7881229086448565e-14
            ],
            [
                1.3854173661501989e-17,
                -2.7881229086448565e-14,
                3.156720935353517e-07
            ]
        ],
        "relaxation_volume": 0.13488899157527084
    },
    "V0H2He0": {
        "energy_opt": 1.4518568597566555,
        "xyz_opt": [
            [],
            [
                [
                    2.999885013171855,
                    3.259441161467673,
                    2.499847646020645
                ],
                [
                    2.9999088766023863,
                    3.7405537131683477,
                    2.4998974882133083
                ]
            ],
            []
        ],
        "strain_tensor": [
            [
                8.553432287981772e-06,
                -3.786996231825971e-08,
                2.62250587460204e-11
            ],
            [
                -3.786996231825971e-08,
                1.3629512378311382e-05,
                6.823829330753209e-08
            ],
            [
                2.62250587460204e-11,
                6.823829330753209e-08,
                3.10537716286337e-05
            ]
        ],
        "relaxation_volume": 0.19300152412338903
    },
    "V0H3He0": {
        "energy_opt": 2.207163629244576,
        "xyz_opt": [
            [],
            [
                [
                    3.000717543873247,
                    3.2585267626294403,
                    2.501577831792601
                ],
                [
                    3.0007307692532237,
                    3.741470014362669,
                    2.50160621265617
                ],
                [
                    3.247110024983071,
                    3.500000210946717,
                    2.9952781821192667
                ]
            ],
            []
        ],
        "strain_tensor": [
            [
                -4.82547452547443e-06,
                -2.3507699048001044e-08,
                -3.4825023065259676e-05
            ],
            [
                -2.3507699048001044e-08,
                -2.0908492889221378e-05,
                4.4943386937604246e-08
            ],
            [
                -3.4825023065259676e-05,
                4.4943386937604246e-08,
                7.376191773513358e-05
            ]
        ],
        "relaxation_volume": 0.32826504365609954
    },
    "V0H4He0": {
        "energy_opt": 3.253405689926316,
        "xyz_opt": [
            [],
            [
                [
                    2.9988375621007943,
                    3.2536728869165663,
                    2.5008581431630286
                ],
                [
                    2.9972765625557996,
                    3.7459383242600657,
                    2.5010440313733318
                ],
                [
                    3.245845809694435,
                    3.4993667044843573,
                    2.997501087209067
                ],
                [
                    3.7519341331530787,
                    2.993058064380793,
                    2.5004818924283425
                ]
            ],
            []
        ],
        "strain_tensor": [
            [
                -6.426661802472176e-05,
                4.971660347072554e-05,
                -3.509520823432588e-05
            ],
            [
                4.971660347072554e-05,
                -5.512573621300609e-06,
                -3.270475204671305e-05
            ],
            [
                -3.509520823432588e-05,
                -3.270475204671305e-05,
                5.642448988225458e-05
            ]
        ],
        "relaxation_volume": 0.5229618010940421
    },
    "V0H5He0": {
        "energy_opt": 4.29520378912046,
        "xyz_opt": [
            [],
            [
                [
                    2.993690187489816,
                    3.249867633257724,
                    2.492377295234531
                ],
                [
                    2.9916413335371215,
                    3.749706411261379,
                    2.4936280949186362
                ],
                [
                    3.209700828433961,
                    3.5386697396210653,
                    3.0111373935960275
                ],
                [
                    3.7538143556370747,
                    2.9876619557487314,
                    2.4953828063880135
                ],
                [
                    3.539313068905027,
                    3.2101324719662245,
                    3.007130971633158
                ]
            ],
            []
        ],
        "strain_tensor": [
            [
                -4.566869990140584e-05,
                -7.574204717766395e-05,
                -9.967916903317702e-06
            ],
            [
                -7.574204717766395e-05,
                -1.4675155427878639e-05,
                -1.4254655645862781e-05
            ],
            [
                -9.967916903317702e-06,
                -1.4254655645862781e-05,
                -8.383146731598443e-05
            ]
        ],
        "relaxation_volume": 0.7898600552133606
    },
    "V0H6He0": {
        "energy_opt": 6.179108440415234,
        "xyz_opt": [
            [],
            [
                [
                    2.992325358336986,
                    3.2486675806935246,
                    2.4910616490525666
                ],
                [
                    2.9903653428808177,
                    3.7509294672969666,
                    2.492128627792712
                ],
                [
                    3.207420966721153,
                    3.5406114682586485,
                    3.0131730327946915
                ],
                [
                    3.7543436857471892,
                    2.986149354991763,
                    2.4943655990995075
                ],
                [
                    3.541240740219617,
                    3.2072908142460426,
                    3.0081423526854483
                ],
                [
                    3.7512756079818,
                    4.002664451097212,
                    2.4997325618634947
                ]
            ],
            []
        ],
        "strain_tensor": [
            [
                4.299795387034425e-05,
                -0.00010554798892355367,
                1.9421369039201344e-05
            ],
            [
                -0.00010554798892355367,
                4.299558864866829e-05,
                1.1934830335065199e-05
            ],
            [
                1.9421369039201344e-05,
                1.1934830335065199e-05,
                4.231118876839912e-05
            ]
        ],
        "relaxation_volume": 0.7715252483602434
    },
    "V0H0He1": {
        "energy_opt": 6.699003397364322,
        "xyz_opt": [
            [],
            [],
            [
                [
                    3.4999996698674667,
                    2.99981617165159,
                    2.749917560838317
                ]
            ]
        ],
        "strain_tensor": [
            [
                -5.6516800212874654e-05,
                6.970475709581228e-19,
                8.60732148193732e-16
            ],
            [
                6.970475709581228e-19,
                -5.651680021363175e-05,
                8.307750925284479e-16
            ],
            [
                8.60732148193732e-16,
                8.307750925284479e-16,
                -5.394984141117866e-05
            ]
        ],
        "relaxation_volume": 0.5787694896704125
    },
    "V0H0He2": {
        "energy_opt": 13.733930770122242,
        "xyz_opt": [
            [],
            [],
            [
                [
                    3.499644663826414,
                    2.9999499250696884,
                    2.7498820122187326
                ],
                [
                    3.000087230976048,
                    3.499644586487519,
                    2.7499558654580665
                ]
            ]
        ],
        "strain_tensor": [
            [
                7.490663278889629e-05,
                3.3797797074436505e-05,
                -3.2438355205964716e-06
            ],
            [
                3.3797797074436505e-05,
                7.496280628138003e-05,
                -2.6776471744589616e-06
            ],
            [
                -3.2438355205964716e-06,
                -2.6776471744589616e-06,
                7.83544858871278e-05
            ]
        ],
        "relaxation_volume": 0.7743912913703256
    },
    "V0H0He3": {
        "energy_opt": 20.074981742734963,
        "xyz_opt": [
            [],
            [],
            [
                [
                    3.499340583420743,
                    3.000247735916118,
                    2.749882747339543
                ],
                [
                    3.0002822421335327,
                    3.4996082800145603,
                    2.7495723247171826
                ],
                [
                    3.4997381406258437,
                    3.7500263432617627,
                    2.9996513463476826
                ]
            ]
        ],
        "strain_tensor": [
            [
                2.145631495827457e-05,
                3.297723939666598e-05,
                -1.2069990645638008e-05
            ],
            [
                3.297723939666598e-05,
                3.7793792277891475e-05,
                -3.396153576924668e-05
            ],
            [
                -1.2069990645638008e-05,
                -3.396153576924668e-05,
                3.3084683283594754e-05
            ]
        ],
        "relaxation_volume": 1.278853633592799
    },
    "V0H0He4": {
        "energy_opt": 26.39370012258314,
        "xyz_opt": [
            [],
            [],
            [
                [
                    3.499530952803077,
                    3.0008618680781116,
                    2.7497727590818997
                ],
                [
                    2.999566719907508,
                    3.499566002791492,
                    2.749796252379684
                ],
                [
                    3.4998179136922323,
                    3.7501723549944037,
                    2.9989378223402707
                ],
                [
                    4.000637597461484,
                    3.4998480484232126,
                    2.750176576069776
                ]
            ]
        ],
        "strain_tensor": [
            [
                -7.804140186462902e-05,
                -4.043652753074916e-07,
                -2.575179215967417e-06
            ],
            [
                -4.043652753074916e-07,
                -4.729971136909146e-05,
                -5.6747049579871835e-05
            ],
            [
                -2.575179215967417e-06,
                -5.6747049579871835e-05,
                -4.936667554595428e-05
            ]
        ],
        "relaxation_volume": 1.8698798340297909
    },
    "V0H0He5": {
        "energy_opt": 33.38666588363503,
        "xyz_opt": [
            [],
            [],
            [
                [
                    3.499754373711617,
                    2.9998978734861823,
                    2.7503012741043547
                ],
                [
                    2.9985782997973724,
                    3.4997748350736195,
                    2.7502497359990725
                ],
                [
                    3.50008829798111,
                    3.7502914195701567,
                    2.9981645008206717
                ],
                [
                    4.000801964312457,
                    3.499997376222021,
                    2.7502042884188924
                ],
                [
                    3.7511274406292983,
                    4.001889271949447,
                    2.500076322757892
                ]
            ]
        ],
        "strain_tensor": [
            [
                6.0333457255587066e-05,
                7.706147703548877e-06,
                -7.792305663952387e-06
            ],
            [
                7.706147703548877e-06,
                5.389993955094338e-05,
                -3.974994720901192e-05
            ],
            [
                -7.792305663952387e-06,
                -3.974994720901192e-05,
                6.907390194599862e-05
            ]
        ],
        "relaxation_volume": 2.091494405442138
    },
    "V0H0He6": {
        "energy_opt": 38.33164868712447,
        "xyz_opt": [
            [],
            [],
            [
                [
                    3.4998343077244325,
                    2.9974978676219886,
                    2.7521232982094332
                ],
                [
                    2.9983808809722734,
                    3.5004150743302733,
                    2.7507657643892856
                ],
                [
                    3.500061145602656,
                    3.7502968167901587,
                    2.9968667408828624
                ],
                [
                    4.001253109733224,
                    3.5005770116378394,
                    2.7507475696728725
                ],
                [
                    3.7555721448540202,
                    4.003546426265199,
                    2.5001807288311495
                ],
                [
                    3.245384211225097,
                    4.002343525080021,
                    2.50012815077056
                ]
            ]
        ],
        "strain_tensor": [
            [
                8.29282151025397e-06,
                -4.079758031416912e-06,
                1.219032761241738e-06
            ],
            [
                -4.079758031416912e-06,
                1.0528709993743419e-05,
                5.974542489517495e-06
            ],
            [
                1.219032761241738e-06,
                5.974542489517495e-06,
                7.5242152521321386e-06
            ]
        ],
        "relaxation_volume": 2.483469068774473
    },
    "V1H0He0": {
        "energy_opt": 3.6322492190718823,
        "xyz_opt": [
            [],
            [],
            []
        ],
        "strain_tensor": [
            [
                -1.3682750687082123e-07,
                2.1305076158019087e-17,
                7.305295225008e-19
            ],
            [
                2.1305076158019087e-17,
                -1.7512470054568565e-07,
                -5.988340964015103e-18
            ],
            [
                7.305295225008e-19,
                -5.988340964015103e-18,
                1.1784001743856302e-06
            ]
        ],
        "relaxation_volume": -0.3231874754945451
    },
    "V1H1He0": {
        "energy_opt": 3.540684144308876,
        "xyz_opt": [
            [],
            [
                [
                    3.4999996698831968,
                    3.499999669883186,
                    2.5001680231879977
                ]
            ],
            []
        ],
        "strain_tensor": [
            [
                -4.2901717452708625e-08,
                1.4658345812719174e-17,
                -1.262838316884647e-17
            ],
            [
                1.4658345812719174e-17,
                -4.69413585129706e-08,
                -3.6428496767825943e-17
            ],
            [
                -1.262838316884647e-17,
                -3.6428496767825943e-17,
                8.413723873690214e-08
            ]
        ],
        "relaxation_volume": -0.3462378817910024
    },
    "V1H2He0": {
        "energy_opt": 3.8759691340525224,
        "xyz_opt": [
            [],
            [
                [
                    3.4999996698672136,
                    3.4999996698672162,
                    2.4962650608769263
                ],
                [
                    3.4999996698672113,
                    3.4999996698672162,
                    2.028222108655848
                ]
            ],
            []
        ],
        "strain_tensor": [
            [
                -6.32359483006584e-05,
                1.57970869254986e-17,
                -9.620282226904909e-16
            ],
            [
                1.57970869254986e-17,
                -6.323594831305207e-05,
                -9.550850565391761e-16
            ],
            [
                -9.620282226904909e-16,
                -9.550850565391761e-16,
                4.405815727202167e-05
            ]
        ],
        "relaxation_volume": -0.26749079784129604
    },
    "V1H3He0": {
        "energy_opt": 3.7923657553660792,
        "xyz_opt": [
            [],
            [
                [
                    3.4999996698674467,
                    3.4950858951000936,
                    2.4940187880936033
                ],
                [
                    3.4999996698673868,
                    3.500211937862852,
                    2.073644499340098
                ],
                [
                    3.4999996698673406,
                    3.9762095050383746,
                    2.7360828994728013
                ]
            ],
            []
        ],
        "strain_tensor": [
            [
                -0.00019428926639753258,
                3.0192114693128046e-14,
                -6.565609905560903e-15
            ],
            [
                3.0192114693128046e-14,
                -4.3132975138741354e-05,
                7.678467490126763e-06
            ],
            [
                -6.565609905560903e-15,
                7.678467490126763e-06,
                -2.5401533540267925e-05
            ]
        ],
        "relaxation_volume": 0.058299820741026506
    },
    "V1H4He0": {
        "energy_opt": 3.951506650419482,
        "xyz_opt": [
            [],
            [
                [
                    3.5153288924976365,
                    3.4652914236883583,
                    2.5378561945068254
                ],
                [
                    3.4993357544124724,
                    3.501582242008628,
                    2.077294431170806
                ],
                [
                    3.4971704929170566,
                    3.9591050783471573,
                    2.7227544456683783
                ],
                [
                    3.0268663708507826,
                    3.737758258909732,
                    2.4998145083223995
                ]
            ],
            []
        ],
        "strain_tensor": [
            [
                3.7062297294205264e-05,
                -3.43510050581327e-05,
                -2.5871156923074987e-07
            ],
            [
                -3.43510050581327e-05,
                7.38471575655827e-05,
                9.519616705870055e-07
            ],
            [
                -2.5871156923074987e-07,
                9.519616705870055e-07,
                -1.4572313450737448e-05
            ]
        ],
        "relaxation_volume": -0.10557077780519473
    },
    "V1H5He0": {
        "energy_opt": 3.978925380868814,
        "xyz_opt": [
            [],
            [
                [
                    3.5168920904296077,
                    3.417981258978122,
                    2.5747457253658275
                ],
                [
                    3.49731586648744,
                    3.505873224151291,
                    2.0921108281015464
                ],
                [
                    3.4968448008128754,
                    3.944998981038258,
                    2.7091564574927283
                ],
                [
                    3.051028605969666,
                    3.7268261208447626,
                    2.4981897988993307
                ],
                [
                    3.9730206870314255,
                    3.737980677331769,
                    2.4979518233702755
                ]
            ],
            []
        ],
        "strain_tensor": [
            [
                0.00011086899174874181,
                -2.9181059581043804e-05,
                6.706961620112331e-06
            ],
            [
                -2.9181059581043804e-05,
                0.00019380515165014106,
                -2.270556669641475e-05
            ],
            [
                6.706961620112331e-06,
                -2.270556669641475e-05,
                2.2398191593102702e-05
            ]
        ],
        "relaxation_volume": -0.1504611494093715
    },
    "V1H6He0": {
        "energy_opt": 4.284381013390162,
        "xyz_opt": [
            [],
            [
                [
                    3.5183932400185465,
                    3.385918769335345,
                    2.6302442764664624
                ],
                [
                    3.4957192213536006,
                    3.5115464339808704,
                    2.094007939590174
                ],
                [
                    3.4966579993064393,
                    3.9419756918278583,
                    2.7009484795863474
                ],
                [
                    3.062441464455591,
                    3.7228535642779153,
                    2.4957858301665694
                ],
                [
                    3.9591811597995803,
                    3.733172636395452,
                    2.4951764036919126
                ],
                [
                    3.499151189263097,
                    3.011036970908919,
                    2.249666312830506
                ]
            ],
            []
        ],
        "strain_tensor": [
            [
                5.5212064270880866e-05,
                -2.5228352134376806e-05,
                5.840952097335643e-06
            ],
            [
                -2.5228352134376806e-05,
                -4.9379958312109764e-05,
                -1.3878838649610315e-05
            ],
            [
                5.840952097335643e-06,
                -1.3878838649610315e-05,
                8.372627500102842e-07
            ]
        ],
        "relaxation_volume": 0.19387986864289675
    },
    "V1H0He1": {
        "energy_opt": 4.962421794634638,
        "xyz_opt": [
            [],
            [],
            [
                [
                    3.4999996699025155,
                    3.4999996699025138,
                    2.5000711015957076
                ]
            ]
        ],
        "strain_tensor": [
            [
                -3.1663057125482834e-09,
                3.528228022369821e-18,
                1.7263808247283567e-17
            ],
            [
                3.528228022369821e-18,
                -9.609512165687163e-09,
                3.330554783955434e-17
            ],
            [
                1.7263808247283567e-17,
                3.330554783955434e-17,
                -5.505311015018185e-09
            ]
        ],
        "relaxation_volume": -0.1469947567627108
    },
    "V1H0He2": {
        "energy_opt": 9.511559412125125,
        "xyz_opt": [
            [],
            [],
            [
                [
                    3.499999669867212,
                    3.4999996698672047,
                    2.495228877899391
                ],
                [
                    3.499999669867212,
                    3.4999996698672047,
                    2.9751909283771885
                ]
            ]
        ],
        "strain_tensor": [
            [
                7.071687336053452e-05,
                1.675585607055912e-17,
                2.2159063797075014e-17
            ],
            [
                1.675585607055912e-17,
                7.0716873370791e-05,
                -3.878875226635e-18
            ],
            [
                2.2159063797075014e-17,
                -3.878875226635e-18,
                6.492352640128794e-05
            ]
        ],
        "relaxation_volume": -0.012967898175716837
    },
    "V1H0He3": {
        "energy_opt": 13.785615430266107,
        "xyz_opt": [
            [],
            [],
            [
                [
                    3.4999996698672824,
                    3.4954713529229067,
                    2.4892622056392604
                ],
                [
                    3.4999996698672824,
                    3.499865355059259,
                    2.9577182772750463
                ],
                [
                    3.4999996698672824,
                    3.9757817332938914,
                    2.499549948318214
                ]
            ]
        ],
        "strain_tensor": [
            [
                -4.272900278462733e-05,
                6.527826706921111e-17,
                6.140339057312419e-17
            ],
            [
                6.527826706921111e-17,
                -5.678553133762333e-05,
                4.532769708440369e-06
            ],
            [
                6.140339057312419e-17,
                4.532769708440369e-06,
                -6.442097985679407e-05
            ]
        ],
        "relaxation_volume": 0.539613335822122
    },
    "V1H0He4": {
        "energy_opt": 18.10083235495479,
        "xyz_opt": [
            [],
            [],
            [
                [
                    3.5040584026758315,
                    3.4903992970104194,
                    2.483195651393037
                ],
                [
                    3.5001586299160956,
                    3.499699917808395,
                    2.946043158892879
                ],
                [
                    3.5001236245423213,
                    3.9599379861966573,
                    2.499144054735295
                ],
                [
                    3.0223712236115903,
                    3.4999098926125676,
                    2.4996390884544044
                ]
            ]
        ],
        "strain_tensor": [
            [
                2.5508368666967556e-06,
                -4.052191653748244e-06,
                -4.748581944850763e-06
            ],
            [
                -4.052191653748244e-06,
                6.247354329822127e-07,
                6.537640857039603e-06
            ],
            [
                -4.748581944850763e-06,
                6.537640857039603e-06,
                1.7472581715698172e-06
            ]
        ],
        "relaxation_volume": 0.7289016626637079
    },
    "V1H0He5": {
        "energy_opt": 22.711324047978295,
        "xyz_opt": [
            [],
            [],
            [
                [
                    3.507600316058608,
                    3.4841947707068885,
                    2.4765757318179213
                ],
                [
                    3.5002934111830024,
                    3.4994848740949793,
                    2.93716330571967
                ],
                [
                    3.49844776214402,
                    3.9491780516126767,
                    2.4984212950340594
                ],
                [
                    3.0381637049386025,
                    3.4998158949528766,
                    2.4989605767622836
                ],
                [
                    3.9907987232521673,
                    3.7435552747371004,
                    2.4995039219198687
                ]
            ]
        ],
        "strain_tensor": [
            [
                2.4798011773281777e-05,
                -0.00014786190222200598,
                -1.8822835522767458e-06
            ],
            [
                -0.00014786190222200598,
                3.316796022567178e-05,
                1.106955029777338e-05
            ],
            [
                -1.8822835522767458e-06,
                1.106955029777338e-05,
                2.186998047410113e-05
            ]
        ],
        "relaxation_volume": 0.9859417339164093
    },
    "V1H0He6": {
        "energy_opt": 26.163613593039216,
        "xyz_opt": [
            [],
            [],
            [
                [
                    3.5146152064154523,
                    3.469823049646638,
                    2.461167196952377
                ],
                [
                    3.495875375547329,
                    3.4991850217520186,
                    2.9247625913226454
                ],
                [
                    3.4938931576929226,
                    3.932904308982978,
                    2.4975737829233253
                ],
                [
                    3.061611354386856,
                    3.4996939626051757,
                    2.498222241764769
                ],
                [
                    3.9752563452264367,
                    3.759033435444922,
                    2.4743640363776778
                ],
                [
                    3.9850468107837647,
                    3.4763348559150913,
                    2.765956765555891
                ]
            ]
        ],
        "strain_tensor": [
            [
                8.512657336291236e-05,
                -8.905313004156643e-05,
                -9.821407727922934e-05
            ],
            [
                -8.905313004156643e-05,
                5.454773236071301e-05,
                -0.00027607272797144493
            ],
            [
                -9.821407727922934e-05,
                -0.00027607272797144493,
                5.616143982491677e-05
            ]
        ],
        "relaxation_volume": 1.1485673093501663
    },
    "V2H0He0": {
        "energy_opt": 7.175597484188675,
        "xyz_opt": [
            [],
            [],
            []
        ],
        "strain_tensor": [
            [
                -1.0761583607278528e-06,
                3.214386903654364e-05,
                3.21523565448724e-05
            ],
            [
                3.214386903654364e-05,
                6.973322578000805e-08,
                3.215366745589745e-05
            ],
            [
                3.21523565448724e-05,
                3.215366745589745e-05,
                7.853116549222766e-06
            ]
        ],
        "relaxation_volume": -0.70714649975612
    },
    "V2H1He0": {
        "energy_opt": 6.765624139023709,
        "xyz_opt": [
            [],
            [
                [
                    3.749884965310202,
                    3.7499180415984745,
                    2.7502301252013672
                ]
            ],
            []
        ],
        "strain_tensor": [
            [
                8.62919884517423e-05,
                6.523024122491007e-05,
                6.521984663128256e-05
            ],
            [
                6.523024122491007e-05,
                -4.73064250184373e-05,
                6.520414305445909e-05
            ],
            [
                6.521984663128256e-05,
                6.520414305445909e-05,
                -6.698476479390287e-05
            ]
        ],
        "relaxation_volume": -0.7492587179620315
    },
    "V2H2He0": {
        "energy_opt": 6.048316466305052,
        "xyz_opt": [
            [],
            [
                [
                    3.749770236878044,
                    3.761563055626002,
                    2.738713482655325
                ],
                [
                    3.7499397502283642,
                    3.513454652997237,
                    2.9866288765553763
                ]
            ],
            []
        ],
        "strain_tensor": [
            [
                -1.2203679498648576e-05,
                1.0169496656971214e-05,
                1.0194493988751772e-05
            ],
            [
                1.0169496656971214e-05,
                -5.071723118042734e-05,
                2.5565734098117923e-05
            ],
            [
                1.0194493988751772e-05,
                2.5565734098117923e-05,
                -7.875059528613323e-05
            ]
        ],
        "relaxation_volume": -0.442555792671643
    },
    "V2H3He0": {
        "energy_opt": 6.072735239191704,
        "xyz_opt": [
            [],
            [
                [
                    3.7471834118727623,
                    3.7775841921368816,
                    2.72275697115588
                ],
                [
                    3.749500879897446,
                    3.5282827790724607,
                    2.971706010085276
                ],
                [
                    4.461408383847672,
                    3.9992562928739344,
                    2.9991284531102673
                ]
            ],
            []
        ],
        "strain_tensor": [
            [
                7.028531144303413e-05,
                2.8562786747542333e-05,
                2.98848358334006e-05
            ],
            [
                2.8562786747542333e-05,
                2.7533219287484098e-05,
                9.212003026903983e-06
            ],
            [
                2.98848358334006e-05,
                9.212003026903983e-06,
                2.0508417735397527e-05
            ]
        ],
        "relaxation_volume": -0.4693437984419149
    },
    "V2H4He0": {
        "energy_opt": 5.9178204700076495,
        "xyz_opt": [
            [],
            [
                [
                    3.745862610614997,
                    3.795012619747273,
                    2.7058518202342876
                ],
                [
                    3.7490593020900014,
                    3.543256078397035,
                    2.9562282965362963
                ],
                [
                    4.424105907123717,
                    3.999395125281799,
                    2.9988342481073937
                ],
                [
                    3.0398403040980653,
                    3.500925243436532,
                    2.500718436525362
                ]
            ],
            []
        ],
        "strain_tensor": [
            [
                -3.156476605506151e-05,
                4.979330895566065e-05,
                5.175870073699631e-05
            ],
            [
                4.979330895566065e-05,
                -5.3589925974193086e-05,
                -8.505817815888377e-06
            ],
            [
                5.175870073699631e-05,
                -8.505817815888377e-06,
                -5.3564762579251885e-05
            ]
        ],
        "relaxation_volume": -0.1862860786989509
    },
    "V2H5He0": {
        "energy_opt": 5.610165159987574,
        "xyz_opt": [
            [],
            [
                [
                    3.7446689939792415,
                    3.8157457189385524,
                    2.679908390841663
                ],
                [
                    3.7485574404388298,
                    3.5620140263857194,
                    2.9359182685462835
                ],
                [
                    4.3837749378014035,
                    3.9963873600451234,
                    2.999468257162376
                ],
                [
                    3.0940844999485755,
                    3.500912645532639,
                    2.50021563488938
                ],
                [
                    3.9959552758266947,
                    4.444961243392241,
                    3.0000846594816246
                ]
            ],
            []
        ],
        "strain_tensor": [
            [
                -0.00016648794064675,
                8.869511710635187e-05,
                7.90544435550228e-05
            ],
            [
                8.869511710635187e-05,
                -2.9081883192950098e-05,
                -2.200712486049747e-05
            ],
            [
                7.90544435550228e-05,
                -2.200712486049747e-05,
                -0.0001338147359140386
            ]
        ],
        "relaxation_volume": -0.015184421602806227
    },
    "V2H6He0": {
        "energy_opt": 5.494566896207321,
        "xyz_opt": [
            [],
            [
                [
                    3.746505165389927,
                    3.829568859161298,
                    2.6624484375006805
                ],
                [
                    3.749132196642391,
                    3.57479390231561,
                    2.923248108813986
                ],
                [
                    4.359194323090562,
                    3.9992326831842213,
                    3.007276509730967
                ],
                [
                    3.1221508841757823,
                    3.499382870906695,
                    2.498597873229134
                ],
                [
                    3.9972680492040706,
                    4.401258905855306,
                    3.0019275524852236
                ],
                [
                    4.235578000818097,
                    4.000587626489735,
                    3.462993148551113
                ]
            ],
            []
        ],
        "strain_tensor": [
            [
                4.488425862216958e-06,
                0.00011130034505003413,
                0.00010812893150552409
            ],
            [
                0.00011130034505003413,
                -1.9829506733398568e-05,
                -3.016726236458235e-05
            ],
            [
                0.00010812893150552409,
                -3.016726236458235e-05,
                -2.8835447967446172e-05
            ]
        ],
        "relaxation_volume": -0.2280652126724843
    },
    "V2H0He1": {
        "energy_opt": 7.957854508206456,
        "xyz_opt": [
            [],
            [],
            [
                [
                    3.7499326925418277,
                    3.749938978969587,
                    2.7501844330606677
                ]
            ]
        ],
        "strain_tensor": [
            [
                1.6809959658212093e-05,
                -0.00011853039695998667,
                -0.00011853804273816657
            ],
            [
                -0.00011853039695998667,
                -8.652426900118062e-06,
                -0.000118479166742436
            ],
            [
                -0.00011853804273816657,
                -0.000118479166742436,
                -5.018751050232571e-06
            ]
        ],
        "relaxation_volume": -0.5191876404235343
    },
    "V2H0He2": {
        "energy_opt": 9.480921195331266,
        "xyz_opt": [
            [],
            [],
            [
                [
                    3.7302441369209687,
                    3.7302495114462753,
                    2.730607232857465
                ],
                [
                    4.013679630641634,
                    4.013679615625652,
