{
    "V0H0He0": {
        "energy_opt": 2.662090992089361e-09,
        "xyz_opt": [
            [],
            [],
            []
        ],
        "strain_tensor": [
            [
                9.373624118289969e-08,
                1.6951837679519883e-17,
                -6.001850860503624e-18
            ],
            [
                1.6951837679519883e-17,
                9.37362411928745e-08,
                -4.1720038094636296e-17
            ],
            [
                -6.001850860503624e-18,
                -4.1720038094636296e-17,
                9.373624120204891e-08
            ]
        ],
        "relaxation_volume": 0.000192909129458652
    },
    "V0H1He0": {
        "energy_opt": 0.7959601028632242,
        "xyz_opt": [
            [],
            [
                [
                    3.999209410345778,
                    3.499308234052556,
                    3.7492588221991667
                ]
            ],
            []
        ],
        "strain_tensor": [
            [
                8.599533880531074e-05,
                -1.9843287787375488e-17,
                -4.059536139950682e-17
            ],
            [
                -1.9843287787375488e-17,
                8.599533880526395e-05,
                -5.544181362978721e-17
            ],
            [
                -4.059536139950682e-17,
                -5.544181362978721e-17,
                2.5496976052972056e-05
            ]
        ],
        "relaxation_volume": 0.13547649184689453
    },
    "V0H2He0": {
        "energy_opt": 1.423966134684444,
        "xyz_opt": [
            [],
            [
                [
                    3.9992082613709057,
                    3.499307227997844,
                    3.728657309639553
                ],
                [
                    3.9992082610684463,
                    3.499307229223383,
                    3.2706836441829066
                ]
            ],
            []
        ],
        "strain_tensor": [
            [
                0.00020975003121680036,
                -7.064647093817339e-16,
                -1.6205395749016542e-12
            ],
            [
                -7.064647093817339e-16,
                0.00010432553402372887,
                -1.416959147732195e-12
            ],
            [
                -1.6205395749016542e-12,
                -1.416959147732195e-12,
                3.272912285985145e-05
            ]
        ],
        "relaxation_volume": 0.23790794831124443
    },
    "V0H3He0": {
        "energy_opt": 2.1463878338296922,
        "xyz_opt": [
            [],
            [
                [
                    3.9718187078335947,
                    3.4835228728479293,
                    3.745637431702079
                ],
                [
                    3.971818707827436,
                    3.4835228727981664,
                    3.252977123813633
                ],
                [
                    3.762962368924855,
                    3.044342348647221,
                    3.4993072777518495
                ]
            ],
            []
        ],
        "strain_tensor": [
            [
                0.00013582458164346697,
                -0.00014311026089522283,
                -1.297230667041558e-13
            ],
            [
                -0.00014311026089522283,
                0.0002312147227654481,
                1.1403602898766465e-13
            ],
            [
                -1.297230667041558e-13,
                1.1403602898766465e-13,
                0.00020187813249658606
            ]
        ],
        "relaxation_volume": 0.39027725061635654
    },
    "V0H4He0": {
        "energy_opt": 2.7187575196163234,
        "xyz_opt": [
            [],
            [
                [
                    3.998784276957599,
                    3.4842307634491747,
                    3.751073116230331
                ],
                [
                    3.9987842769540305,
                    3.484230763448826,
                    3.2475373269772674
                ],
                [
                    3.747016382356369,
                    3.0152420249633285,
                    3.4993052216000087
                ],
                [
                    4.250552171613342,
                    3.0152420249646465,
                    3.4993052216035707
                ]
            ],
            []
        ],
        "strain_tensor": [
            [
                0.0001661108345670978,
                -6.044526928845611e-14,
                -9.92733686520663e-15
            ],
            [
                -6.044526928845611e-14,
                0.00047366954949543464,
                1.4813170078848388e-15
            ],
            [
                -9.92733686520663e-15,
                1.4813170078848388e-15,
                0.0001661108346010859
            ]
        ],
        "relaxation_volume": 0.5528412186250934
    },
    "V0H5He0": {
        "energy_opt": 3.5111371241905367,
        "xyz_opt": [
            [],
            [
                [
                    3.9972669893889594,
                    3.4842242686010736,
                    3.7508656979482047
                ],
                [
                    3.9972669895649,
                    3.4842242677959123,
                    3.2477427217348143
                ],
                [
                    3.745116171796396,
                    3.0180798505302118,
                    3.499304202950482
                ],
                [
                    4.249849211218868,
                    3.0148942036282045,
                    3.4993042032946837
                ],
                [
                    2.7663603535919834,
                    3.994767453397403,
                    3.4993042124400753
                ]
            ],
            []
        ],
        "strain_tensor": [
            [
                0.00017667157303547816,
                1.786220991869525e-05,
                1.5356981657887703e-12
            ],
            [
                1.786220991869525e-05,
                0.0005146210952566512,
                5.607269818843948e-12
            ],
            [
                1.5356981657887703e-12,
                5.607269818843948e-12,
                0.0003000019103259212
            ]
        ],
        "relaxation_volume": 0.6800278873474119
    },
    "V0H6He0": {
        "energy_opt": 4.261173825935998,
        "xyz_opt": [
            [],
            [
                [
                    3.9992781109661917,
                    3.484460202443423,
                    3.75099365062696
                ],
                [
                    3.999278110678111,
                    3.4844602039117794,
                    3.247612767390622
                ],
                [
                    3.74343646438436,
                    3.019912761561386,
                    3.4993032127256583
                ],
                [
                    4.249499381968298,
                    3.0156306708545,
                    3.4993032146431693
                ],
                [
                    2.7372843703124854,
                    3.9559927233978387,
                    3.499303205453044
                ],
                [
                    3.0414521175447913,
                    4.262670207715125,
                    3.4993032041159804
                ]
            ],
            []
        ],
        "strain_tensor": [
            [
                0.00032732969190341565,
                0.0001562802537090348,
                -7.268262982377778e-12
            ],
            [
                0.0001562802537090348,
                0.0005727952324567716,
                -7.681750281461856e-13
            ],
            [
                -7.268262982377778e-12,
                -7.681750281461856e-13,
                0.00030428188141599043
            ]
        ],
        "relaxation_volume": 0.82622283356035
    },
    "V0H0He1": {
        "energy_opt": 6.755102845766487,
        "xyz_opt": [
            [],
            [],
            [
                [
                    3.4993082340525055,
                    3.7492588221991667,
                    2.999407057759353
                ]
            ]
        ],
        "strain_tensor": [
            [
                0.0002388430410402425,
                -2.3907243649648138e-17,
                -2.8554561362189316e-17
            ],
            [
                -2.3907243649648138e-17,
                0.000103937784549529,
                -3.3229202526563167e-17
            ],
            [
                -2.8554561362189316e-17,
                -3.3229202526563167e-17,
                0.00023884304104027535
            ]
        ],
        "relaxation_volume": 0.39899385892602485
    },
    "V0H0He2": {
        "energy_opt": 11.812874631618797,
        "xyz_opt": [
            [],
            [],
            [
                [
                    3.4993072114064367,
                    3.733390508196919,
                    2.9994061801029535
                ],
                [
                    3.499307221855152,
                    3.2652237184220247,
                    2.9994061782715145
                ]
            ]
        ],
        "strain_tensor": [
            [
                0.00041006221246325477,
                -4.360565393607139e-12,
                -1.0197048420830994e-12
            ],
            [
                -4.360565393607139e-12,
                0.00016669204682703863,
                4.997556949279748e-11
            ],
            [
                -1.0197048420830994e-12,
                4.997556949279748e-11,
                0.00045529924903552727
            ]
        ],
        "relaxation_volume": 0.7079885051673508
    },
    "V0H0He3": {
        "energy_opt": 15.90407641933325,
        "xyz_opt": [
            [],
            [],
            [
                [
                    3.539086823742164,
                    3.7374672042800263,
                    3.025527800579788
                ],
                [
                    3.5390791459225053,
                    3.2611758152698576,
                    3.0255223903852637
                ],
                [
                    3.908074164803449,
                    3.4993033861767517,
                    3.2195627406103515
                ]
            ]
        ],
        "strain_tensor": [
            [
                0.000716875725584709,
                4.8872484012303324e-08,
                -0.00028814299677240563
            ],
            [
                4.8872484012303324e-08,
                0.0004083282418794279,
                1.5159500892516824e-08
            ],
            [
                -0.00028814299677240563,
                1.5159500892516824e-08,
                0.0006414208310439729
            ]
        ],
        "relaxation_volume": 1.2119042667819366
    },
    "V0H0He4": {
        "energy_opt": 18.596897520535094,
        "xyz_opt": [
            [],
            [],
            [
                [
                    3.5710011372884956,
                    3.7390648213887285,
                    3.0170856360955938
                ],
                [
                    3.5710011382579574,
                    3.259545684174178,
                    3.0170856361214224
                ],
                [
                    3.926736028367113,
                    3.499305254225879,
                    3.2506293663094095
                ],
                [
                    3.922855734223551,
                    3.499305252795782,
                    2.7721982758515757
                ]
            ]
        ],
        "strain_tensor": [
            [
                0.001168033652950523,
                -3.166864955021397e-11,
                -2.3110738360335867e-06
            ],
            [
                -3.166864955021397e-11,
                0.0007212340619807642,
                2.5184884402750724e-11
            ],
            [
                -2.3110738360335867e-06,
                2.5184884402750724e-11,
                0.0007976101909929513
            ]
        ],
        "relaxation_volume": 1.8431977187581359
    },
    "V0H0He5": {
        "energy_opt": 21.53321957582284,
        "xyz_opt": [
            [],
            [],
            [
                [
                    3.6190971095219293,
                    3.873873894914536,
                    2.8353135729960464
                ],
                [
                    3.553000720161499,
                    3.4331620961891685,
                    3.021596215916182
                ],
                [
                    3.939401523142481,
                    3.6003180563061483,
                    3.2357162468476206
                ],
                [
                    3.9499232582936314,
                    3.5607399023225015,
                    2.7697053164751857
                ],
                [
                    3.5755129179132195,
                    3.8867199010123907,
                    3.2807177714152433
                ]
            ]
        ],
        "strain_tensor": [
            [
                0.0012568901523785506,
                0.0005509923908077818,
                8.191801571929629e-05
            ],
            [
                0.0005509923908077818,
                0.0010940723859007215,
                -2.3990673757019667e-05
            ],
            [
                8.191801571929629e-05,
                -2.3990673757019667e-05,
                0.0009237873227190153
            ]
        ],
        "relaxation_volume": 2.2464777651365906
    },
    "V0H0He6": {
        "energy_opt": 23.889470172790425,
        "xyz_opt": [
            [],
            [],
            [
                [
                    3.5746162490879243,
                    3.7974908535482808,
                    2.859036188767895
                ],
                [
                    3.56447878130686,
                    3.269565726457698,
                    2.918174043789448
                ],
                [
                    3.8300876700849913,
                    3.5487541622210905,
                    3.198598986494134
                ],
                [
                    3.9169248510000396,
                    3.5158176589312364,
                    2.7253732507069826
                ],
                [
                    3.5295855108163057,
                    3.892797541981424,
                    3.316778019641563
                ],
                [
                    3.2775158527045885,
                    3.5476924249246924,
                    3.1169209592784908
                ]
            ]
        ],
        "strain_tensor": [
            [
                0.0014708160416804163,
                9.645258852179639e-05,
                0.0002045022499464039
            ],
            [
                9.645258852179639e-05,
                0.0014369660317440352,
                -0.00025531692196903834
            ],
            [
                0.0002045022499464039,
                -0.00025531692196903834,
                0.001055998358299032
            ]
        ],
        "relaxation_volume": 2.7191526020970116
    },
    "V1H0He0": {
        "energy_opt": 3.6345398433639176,
        "xyz_opt": [
            [],
            [],
            []
        ],
        "strain_tensor": [
            [
                -0.00015953470610122422,
                -9.23722005375385e-18,
                -2.238496335167303e-17
            ],
            [
                -9.23722005375385e-18,
                -0.00015953470610121268,
                -3.042995372097239e-17
            ],
            [
                -2.238496335167303e-17,
                -3.042995372097239e-17,
                -0.00015953470610124732
            ]
        ],
        "relaxation_volume": -0.32832233169231095
    },
    "V1H1He0": {
        "energy_opt": 3.1966189965630156,
        "xyz_opt": [
            [],
            [
                [
                    3.499308234052555,
                    3.499672590818771,
                    3.184520325264818
                ]
            ],
            []
        ],
        "strain_tensor": [
            [
                -0.00012098340408511144,
                1.3382742495524657e-17,
                -1.0177989156029361e-17
            ],
            [
                1.3382742495524657e-17,
                -0.00012098340182614457,
                1.0076665013229904e-11
            ],
            [
                -1.0177989156029361e-17,
                1.0076665013229904e-11,
                -0.00015291467008373368
            ]
        ],
        "relaxation_volume": -0.2708886154182897
    },
    "V1H2He0": {
        "energy_opt": 2.6429037106596125,
        "xyz_opt": [
            [],
            [
                [
                    3.5260188840645315,
                    3.499671777410048,
                    3.200614624128041
                ],
                [
                    3.798269528641909,
                    3.4996716119675355,
                    3.4728651170725073
                ]
            ],
            []
        ],
        "strain_tensor": [
            [
                -0.00012978895056758324,
                -3.234734407080108e-11,
                -1.8454133389197196e-05
            ],
            [
                -3.234734407080108e-11,
                -7.592669189248974e-05,
                8.933408754105998e-11
            ],
            [
                -1.8454133389197196e-05,
                8.933408754105998e-11,
                -0.00012978895209425604
            ]
        ],
        "relaxation_volume": -0.23015608634538728
    },
    "V1H3He0": {
        "energy_opt": 2.463786929108643,
        "xyz_opt": [
            [],
            [
                [
                    3.480939984453387,
                    3.1707941136585824,
                    3.5169466402914273
                ],
                [
                    3.828655957666785,
                    3.5185100905230535,
                    3.516946638496204
                ],
                [
                    3.4809399818296844,
                    3.5185100886829535,
                    3.169230664591354
                ]
            ],
            []
        ],
        "strain_tensor": [
            [
                -0.00012352033189550406,
                9.829786075660365e-07,
                9.829791850896397e-07
            ],
            [
                9.829786075660365e-07,
                -0.0001235203310855734,
                -9.82978338808971e-07
            ],
            [
                9.829791850896397e-07,
                -9.82978338808971e-07,
                -0.00012352033119616908
            ]
        ],
        "relaxation_volume": -0.2542047696407336
    },
    "V1H4He0": {
        "energy_opt": 2.2792704204333614,
        "xyz_opt": [
            [],
            [
                [
                    3.468614372170264,
                    3.1650087367739954,
                    3.5296301190259727
                ],
                [
                    3.852500501775586,
                    3.4996097857957538,
                    3.541993870883655
                ],
                [
                    3.456250620400534,
                    3.499609782686287,
                    3.145743991552268
                ],
                [
                    3.4686143795242876,
                    3.8342108392805865,
                    3.529630112440528
                ]
            ],
            []
        ],
        "strain_tensor": [
            [
                -7.710631808141092e-05,
                3.303953826782905e-12,
                6.510648359646878e-06
            ],
            [
                3.303953826782905e-12,
                -0.0001392490177950052,
                -4.679538036042351e-13
            ],
            [
                6.510648359646878e-06,
                -4.679538036042351e-13,
                -7.710631764205994e-05
            ]
        ],
        "relaxation_volume": -0.20131463700513136
    },
    "V1H5He0": {
        "energy_opt": 2.2992604952171583,
        "xyz_opt": [
            [],
            [
                [
                    3.450332432461568,
                    3.1316363794793443,
                    3.4993038420094043
                ],
                [
                    3.867871438824228,
                    3.4989437750464103,
                    3.4993038393647327
                ],
                [
                    3.450332358826219,
                    3.4989437533565644,
                    3.1319965214377596
                ],
                [
                    3.4503323227182325,
                    3.866251078638509,
                    3.4993038936683702
                ],
                [
                    3.4503324803882616,
                    3.498943711567806,
                    3.8666112289088197
                ]
            ],
            []
        ],
        "strain_tensor": [
            [
                -4.899627581831739e-05,
                -9.057834349795401e-12,
                1.8386051907711187e-11
            ],
            [
                -9.057834349795401e-12,
                -6.197806432442416e-05,
                -1.7753403685108202e-12
            ],
            [
                1.8386051907711187e-11,
                -1.7753403685108202e-12,
                -6.19780029965349e-05
            ]
        ],
        "relaxation_volume": -0.11864527361861354
    },
    "V1H6He0": {
        "energy_opt": 2.6085328856226297,
        "xyz_opt": [
            [],
            [
                [
                    3.4995527923655554,
                    3.1282095838955826,
                    3.498579698937989
                ],
                [
                    3.8812834497206086,
                    3.499300590883537,
                    3.6452177038457654
                ],
                [
                    3.1178226054094744,
                    3.499300595634105,
                    3.3519410992203715
                ],
                [
                    3.499552790591236,
                    3.8703916021601485,
                    3.4985797103339524
                ],
                [
                    3.3529148215271833,
                    3.499300600817733,
                    3.880310085013404
                ],
                [
                    3.646191566179798,
                    3.499300585324192,
                    3.1168492790274978
                ]
            ],
            []
        ],
        "strain_tensor": [
            [
                -8.513578127693547e-05,
                -1.7512333559573928e-11,
                -3.4397695326610723e-12
            ],
            [
                -1.7512333559573928e-11,
                0.00011006787382000212,
                -1.4000687504787025e-12
            ],
            [
                -3.4397695326610723e-12,
                -1.4000687504787025e-12,
                -8.513583468169212e-05
            ]
        ],
        "relaxation_volume": -0.041299755350233044
    },
    "V1H0He1": {
        "energy_opt": 4.865688832149125,
        "xyz_opt": [
            [],
            [],
            [
                [
                    3.499308234052555,
                    3.499308234052555,
                    3.499308234052555
                ]
            ]
        ],
        "strain_tensor": [
            [
                -0.00012513438214474754,
                -1.5853746806791223e-17,
                -6.058256407116615e-17
            ],
            [
                -1.5853746806791223e-17,
                -0.0001251343821447321,
                -4.176983140407449e-17
            ],
            [
                -6.058256407116615e-17,
                -4.176983140407449e-17,
                -0.0001251343821447499
            ]
        ],
        "relaxation_volume": -0.2575264851434261
    },
    "V1H0He2": {
        "energy_opt": 7.074138390761426,
        "xyz_opt": [
            [],
            [],
            [
                [
                    3.618678821758414,
                    3.618678821758414,
                    3.6186788217584134
                ],
                [
                    3.359464076452534,
                    3.359464076452534,
                    3.359464076452534
                ]
            ]
        ],
        "strain_tensor": [
            [
                -4.926575271820312e-05,
                0.00010780654745197885,
                0.00010780654745195104
            ],
            [
                0.00010780654745197885,
                -4.926575271821025e-05,
                0.00010780654745195366
            ],
            [
                0.00010780654745195104,
                0.00010780654745195366,
                -4.9265752718188835e-05
            ]
        ],
        "relaxation_volume": -0.10138889023152788
    },
    "V1H0He3": {
        "energy_opt": 8.753066710861084,
        "xyz_opt": [
            [],
            [],
            [
                [
                    3.5480395902736035,
                    3.5492653446530285,
                    3.761632417456041
                ],
                [
                    3.6133665779781476,
                    3.567609781665483,
                    3.288411362351067
                ],
                [
                    3.2444160095212595,
                    3.3357225179801775,
                    3.4697242217197304
                ]
            ]
        ],
        "strain_tensor": [
            [
                3.7761402603408775e-05,
                6.467315849363125e-05,
                -2.347358390597442e-05
            ],
            [
                6.467315849363125e-05,
                8.66167236940235e-05,
                -2.0247493928980653e-06
            ],
            [
                -2.347358390597442e-05,
                -2.0247493928980653e-06,
                1.355524240430179e-06
            ]
        ],
        "relaxation_volume": 0.0862532597151273
    },
    "V1H0He4": {
        "energy_opt": 10.069355260212241,
        "xyz_opt": [
            [],
            [],
            [
                [
                    3.443899160248269,
                    3.5938987275567076,
                    3.7518892365180743
                ],
                [
                    3.7954784713339613,
                    3.4512116909403017,
                    3.4578618234367107
                ],
                [
                    3.3829840567627256,
                    3.195741747191638,
                    3.4782306505069256
                ],
                [
                    3.397688195235967,
                    3.620841746045108,
                    3.260404900713891
                ]
            ]
        ],
        "strain_tensor": [
            [
                0.00011890960966716351,
                -9.415061137953299e-05,
                4.24761127838455e-05
            ],
            [
                -9.415061137953299e-05,
                0.00015045719121925384,
                -3.746825132234655e-05
            ],
            [
                4.24761127838455e-05,
                -3.746825132234655e-05,
                8.002733570381093e-05
            ]
        ],
        "relaxation_volume": 0.23968430946960048
    },
    "V1H0He5": {
        "energy_opt": 11.876328970264503,
        "xyz_opt": [
            [],
            [],
            [
                [
                    3.496566787780153,
                    3.5635633144999916,
                    3.767408634192034
                ],
                [
                    3.812934103554136,
                    3.311809024354488,
                    3.472203542896334
                ],
                [
                    3.3502220254593156,
                    3.220355501543818,
                    3.4759689467631047
                ],
                [
                    3.4622297058204605,
                    3.6135264624571506,
                    3.2523450323594845
                ],
                [
                    3.8272057389491017,
                    3.7678907925367926,
                    3.5005410142229896
                ]
            ]
        ],
        "strain_tensor": [
            [
                0.000340975865358261,
                3.856268410085101e-06,
                2.452451813474074e-05
            ],
            [
                3.856268410085101e-06,
                0.00022104991342866977,
                -7.359917186667953e-06
            ],
            [
                2.452451813474074e-05,
                -7.359917186667953e-06,
                0.0005180114867430494
            ]
        ],
        "relaxation_volume": 0.7409053532389152
    },
    "V1H0He6": {
        "energy_opt": 13.100441152579869,
        "xyz_opt": [
            [],
            [],
            [
                [
                    3.5287609441151457,
                    3.4763076751965296,
                    3.8000994520432583
                ],
                [
                    3.8232739543989678,
                    3.237842690448924,
                    3.5106106303676077
                ],
                [
                    3.348236328682373,
                    3.196917013032599,
                    3.4621040711131905
                ],
                [
                    3.3278409246227723,
                    3.685727985153727,
                    3.4334802157659046
                ],
                [
                    3.8077404106975776,
                    3.707698365630419,
                    3.48707717587262
                ],
                [
                    3.6087648070679155,
                    3.4373983317885157,
                    3.150233324795621
                ]
            ]
        ],
        "strain_tensor": [
            [
                0.00040631138331002854,
                -8.759339517451248e-05,
                9.277995458146264e-05
            ],
            [
                -8.759339517451248e-05,
                0.00047707650805444785,
                -6.387611801068001e-05
            ],
            [
                9.277995458146264e-05,
                -6.387611801068001e-05,
                0.0008362382195921354
            ]
        ],
        "relaxation_volume": 1.179663176299729
    },
    "V2H0He0": {
        "energy_opt": 7.185478905025391,
        "xyz_opt": [
            [],
            [],
            []
        ],
        "strain_tensor": [
            [
                -0.0003503311373212952,
                3.074208909803281e-05,
                3.0742089098016886e-05
            ],
            [
                3.074208909803281e-05,
                -0.00035033113732128477,
                3.074208909800745e-05
            ],
            [
                3.0742089098016886e-05,
                3.074208909800745e-05,
                -0.00035033113732131665
            ]
        ],
        "relaxation_volume": -0.7209812753643993
    },
    "V2H1He0": {
        "energy_opt": 6.4248377417247635,
        "xyz_opt": [
            [],
            [
                [
                    3.7492588221991667,
                    3.8728377054748537,
                    3.6256799389234793
                ]
            ],
            []
        ],
        "strain_tensor": [
            [
                -0.00031215721059141006,
                5.965042374425356e-05,
                5.965042374423701e-05
            ],
            [
                5.965042374425356e-05,
                -0.00030991721200386324,
                -1.6155987878575587e-05
            ],
            [
                5.965042374423701e-05,
                -1.6155987878575587e-05,
                -0.00030991721200389544
            ]
        ],
        "relaxation_volume": -0.639346079331411
    },
    "V2H2He0": {
        "energy_opt": 5.259416232231497,
        "xyz_opt": [
            [],
            [
                [
                    3.7492577402315175,
                    3.87373862528204,
                    3.6247768611116844
                ],
                [
                    3.7492577338829056,
                    3.6244083466787917,
                    3.8741071446800537
                ]
            ],
            []
        ],
        "strain_tensor": [
            [
                -0.00024784055169954405,
                7.949714241056898e-05,
                7.949713774345838e-05
            ],
            [
                7.949714241056898e-05,
                -0.00025922585806464036,
                -6.604682661459279e-05
            ],
            [
                7.949713774345838e-05,
                -6.604682661459279e-05,
                -0.0002592258572056629
            ]
        ],
        "relaxation_volume": -0.5256763454962322
    },
    "V2H3He0": {
        "energy_opt": 5.0381153933797265,
        "xyz_opt": [
            [],
            [
                [
                    3.62312385157322,
                    3.9098317818221853,
                    3.7657439934116965
                ],
                [
                    3.774777209490945,
                    3.6146719136842065,
                    3.891586028480431
                ],
                [
                    3.49892515215021,
                    3.493515983729928,
                    3.16503767077703
                ]
            ],
            []
        ],
        "strain_tensor": [
            [
                -0.00020879849743165777,
                -1.8804446628423767e-05,
                8.263210967936087e-05
            ],
            [
                -1.8804446628423767e-05,
                -0.00020696442972249047,
                2.0460205201991572e-05
            ],
            [
                8.263210967936087e-05,
                2.0460205201991572e-05,
                -0.00019316894572268418
            ]
        ],
        "relaxation_volume": -0.41772714587848647
    },
    "V2H4He0": {
        "energy_opt": 4.748063035081179,
        "xyz_opt": [
            [],
            [
                [
                    3.6273769925991552,
                    3.919146764125634,
                    3.7735381527773826
                ],
                [
                    3.7971611700005123,
                    3.6437128029235906,
                    3.9246634871697132
                ],
                [
                    3.49871177693987,
                    3.4624026279608735,
                    3.1797044507809242
                ],
                [
                    3.4790806059592683,
                    3.1803347992848714,
                    3.440212438575556
                ]
            ],
            []
        ],
        "strain_tensor": [
            [
                -0.0001859753162954564,
                -2.8104519744756694e-05,
                7.977303341410671e-05
            ],
            [
                -2.8104519744756694e-05,
                -0.00020356396521260456,
                5.300830145572775e-05
            ],
            [
                7.977303341410671e-05,
                5.300830145572775e-05,
                -0.00016323268187549416
            ]
        ],
        "relaxation_volume": -0.37920145893326396
    },
    "V2H5He0": {
        "energy_opt": 4.569594375076175,
        "xyz_opt": [
            [],
            [
                [
                    3.6137423271254456,
                    3.920593526122098,
                    3.757725732044881
                ],
                [
                    3.749118397458729,
                    3.628020593150054,
                    3.9228546796471537
                ],
                [
                    3.4939255317883298,
                    3.462668189697469,
                    3.176297734988974
                ],
                [
                    3.471856617062737,
                    3.174880332860373,
                    3.43210996398845
                ],
                [
                    4.339330454716609,
                    4.011880413743359,
                    4.004012553506585
                ]
            ],
            []
        ],
        "strain_tensor": [
            [
                -0.00011295614357037694,
                3.0497403809469596e-05,
                0.00011110490404339764
            ],
            [
                3.0497403809469596e-05,
                -0.0001650477869677103,
                4.7713192044244e-05
            ],
            [
                0.00011110490404339764,
                4.7713192044244e-05,
                -0.00011155742567531406
            ]
        ],
        "relaxation_volume": -0.26723901428705754
    },
    "V2H6He0": {
        "energy_opt": 4.346184517534269,
        "xyz_opt": [
            [],
            [
                [
                    3.5853985237757566,
                    3.8910207859930894,
                    3.749637143188102
                ],
                [
                    3.7488239466975672,
                    3.6073463222032074,
                    3.913062579006011
                ],
                [
                    3.4904247993152855,
                    3.459567170765231,
                    3.1689030690834037
                ],
                [
                    3.465164825708583,
                    3.1685546307515686,
                    3.42306584084792
                ],
                [
                    4.329558046654687,
                    4.038799904389376,
                    4.008036285784883
                ],
                [
                    4.075395288031233,
                    4.329812452466004,
                    4.033296262459674
                ]
            ],
            []
        ],
        "strain_tensor": [
            [
                -6.456610323789309e-05,
                7.374868844318438e-05,
                0.00015841923161731702
            ],
            [
                7.374868844318438e-05,
                -0.00015435780687253603,
                7.374863117743483e-05
            ],
            [
                0.00015841923161731702,
                7.374863117743483e-05,
                -6.456609879572275e-05
            ]
        ],
        "relaxation_volume": -0.19447409074838565
    },
    "V2H0He1": {
        "energy_opt": 6.770499312805967,
        "xyz_opt": [
            [],
            [],
            [
                [
                    3.748893931070413,
                    3.748893931070413,
                    3.748893931070414
                ]
            ]
        ],
        "strain_tensor": [
            [
                -0.00030653346354208433,
                -0.00010442096113482237,
                -0.0001044209611348271
            ],
            [
                -0.00010442096113482237,
                -0.00030653346354209024,
                -0.00010442096113485197
            ],
            [
                -0.0001044209611348271,
                -0.00010442096113485197,
                -0.00030653346354208465
            ]
        ],
        "relaxation_volume": -0.6308456883858143
    },
    "V2H0He2": {
        "energy_opt": 7.492705707805342,
        "xyz_opt": [
            [],
            [],
            [
                [
                    3.8045256107197534,
                    3.8045256107197534,
                    3.8052543172054376
                ],
                [
                    3.5261690824357936,
